10000
building networks
Random Limit : 10
9999
finished a network
output error = [0.22585152]
9999
finished a network
output error = [0.13645626]
9999
finished a network
output error = [0.21796357]
9999
finished a network
output error = [0.10282913]
9999
finished a network
output error = [0.10824268]
9999
finished a network
output error = [0.10221724]
9999
finished a network
output error = [0.184718]
9999
finished a network
output error = [0.10778957]
9999
finished a network
output error = [0.10186037]
9999
finished a network
output error = [0.18671822]
9999
finished a network
output error = [0.10930663]
9999
finished a network
output error = [0.10856078]
9999
finished a network
output error = [0.10767547]
9999
finished a network
output error = [0.26500907]
9999
finished a network
output error = [0.11160914]
9999
finished a network
output error = [0.11094054]
9999
finished a network
output error = [0.10528698]
9999
finished a network
output error = [0.10173207]
9999
finished a network
output error = [0.10161924]
9999
finished a network
output error = [0.20917601]
Couldn't find anything
[0.10161924] [0.14027812] 10
Start Deep Training
9999
19999
29999
39999
49999
Square error = [0.08896547]
9999
19999
29999
39999
49999
Square error = [0.06819758]
9999
19999
29999
39999
49999
Square error = [0.04911654]
9999
19999
29999
39999
49999
Square error = [0.04492572]
9999
19999
29999
39999
49999
Square error = [0.04290615]
9999
19999
29999
39999
49999
Square error = [0.04159269]
9999
19999
29999
39999
49999
Square error = [0.03628696]
9999
19999
29999
39999
49999
Square error = [0.03212595]
9999
19999
29999
39999
49999
Square error = [0.03136457]
9999
19999
29999
39999
49999
Square error = [0.03104195]
9999
19999
29999
39999
49999
Square error = [0.03044681]
9999
19999
29999
39999
49999
Square error = [0.06005211]
9999
19999
29999
39999
49999
Square error = [0.07110732]
9999
19999
29999
39999
49999
Square error = [0.07575042]
9999
19999
29999
39999
49999
Square error = [0.07537034]
9999
19999
29999
39999
49999
Square error = [0.07362592]
9999
19999
29999
39999
49999
Square error = [0.07633748]
9999
19999
29999
39999
49999
Square error = [0.07645942]
9999
19999
29999
39999
49999
Square error = [0.08380203]
9999
19999
29999
39999
49999
Square error = [0.08403874]
9999
19999
29999
39999
49999
Square error = [0.07886329]
9999
19999
29999
39999
49999
Square error = [0.09821616]
9999
19999
29999
39999
49999
Square error = [0.09952818]
9999
19999
29999
39999
49999
Square error = [0.0998429]
9999
19999
29999
39999
49999
Square error = [0.0999999]
9999
19999
29999
39999
49999
Square error = [0.10000056]
9999
19999
29999
39999
49999
Square error = [0.10000072]
9999
19999
29999
39999
49999
Square error = [0.1]
9999
19999
29999
39999
49999
Square error = [0.1]
9999
19999
29999
39999
49999
Square error = [0.1]
9999
19999
29999
39999
49999
Square error = [0.1]
9999
19999
29999
39999
49999
Square error = [0.1]
9999
19999
29999
39999
49999
Square error = [0.09999999]
9999
19999
29999
39999
49999
Square error = [0.10002215]
9999
19999
29999
39999
49999
Square error = [0.1]
9999
19999
29999
39999
49999
Square error = [0.1]
9999
19999
29999
39999
49999
Square error = [0.1]
9999
19999
29999
39999
49999
Square error = [0.1]
9999
19999
29999
39999
49999
Square error = [0.1]
9999
19999
29999
39999
49999
Square error = [0.1]
9999
19999
29999
39999
49999
Square error = [0.1]
9999
19999
29999
39999
49999
Square error = [0.1]
9999
19999
29999
39999
49999
Square error = [0.10001444]
9999
19999
29999
39999
49999
Square error = [0.1]
9999
19999
29999
39999
49999
Square error = [0.1]
9999
19999
29999
39999
49999
Square error = [0.1]
9999
19999
29999
39999
49999
Square error = [0.1]
9999
19999
29999
39999
49999
Square error = [0.1]
9999
19999
29999
39999
49999
Square error = [0.1]
9999
19999
29999
39999
49999
Square error = [0.1]
Start Validation Tests
3 3
3 8
0 6
5 9
5 6
1 4
3 5
3 3
3 8
1 4
3 5
3 2
3 3
3 8
3 4
3 8
3 1
3 5
3 0
3 5
1 9
3 7
3 4
3 1
3 0
3 3
3 0
3 6
3 2
1 9
3 9
1 4
1 1
3 3
5 6
3 8
3 0
3 7
3 7
0 6
3 8
1 9
3 0
3 3
3 8
3 3
3 7
3 7
3 8
1 4
3 4
3 1
3 2
5 9
3 8
3 1
3 1
3 0
3 6
3 6
3 5
3 0
1 1
3 1
3 7
3 2
3 7
3 3
3 1
5 4
3 0
3 5
0 0
3 6
3 8
3 7
3 6
3 8
3 9
3 9
3 4
3 0
3 6
3 1
3 9
3 2
3 6
3 3
3 9
0 4
3 4
3 5
3 6
3 6
3 1
3 7
3 2
3 8
1 6
3 9
3 7
3 0
3 9
3 1
3 6
3 2
3 8
3 3
3 6
0 4
3 9
3 5
3 8
3 6
3 8
3 7
3 8
3 8
0 6
3 9
3 1
3 7
3 6
3 0
3 9
3 6
3 7
3 0
3 9
3 7
3 1
3 3
3 6
3 8
3 4
3 6
3 1
3 7
3 5
3 1
3 3
3 3
3 5
3 7
0 9
3 9
3 6
3 7
3 3
0 4
3 1
3 0
0 4
3 2
3 4
3 5
3 0
3 0
3 1
3 6
9 6
0 4
3 7
3 9
0 4
3 6
3 5
3 2
3 6
3 9
3 8
3 8
3 8
3 5
3 9
3 3
3 8
3 9
3 8
3 8
3 8
3 3
5 4
0 4
3 3
3 0
3 9
3 5
0 4
3 4
3 1
3 8
3 0
3 6
3 1
3 3
3 2
3 0
3 8
3 6
0 0
3 3
3 5
3 4
3 9
3 0
3 3
3 1
3 0
3 9
3 3
3 2
3 3
3 3
3 3
3 7
0 4
3 9
3 2
3 1
0 6
3 2
3 1
0 5
3 7
3 1
1 9
3 7
7 9
3 2
0 2
3 8
3 1
0 7
3 7
3 0
3 0
3 1
3 8
3 9
3 0
3 6
0 6
0 4
3 7
3 9
3 8
3 2
0 9
3 1
3 5
3 2
3 5
3 3
3 7
3 7
3 0
3 0
3 8
3 2
3 3
3 1
3 3
3 5
3 1
3 3
7 6
0 4
3 8
3 7
0 6
3 2
3 8
3 1
3 8
3 6
0 6
3 8
0 7
7 5
0 6
3 0
0 4
3 8
3 4
3 9
3 3
3 2
3 3
3 6
3 2
3 0
3 1
3 1
3 6
0 2
3 5
3 3
0 0
3 4
3 3
3 5
3 8
3 6
3 9
0 7
3 8
3 8
3 3
3 9
3 0
3 0
3 3
3 1
3 4
3 2
3 5
3 3
5 9
0 4
3 5
3 5
3 5
1 6
3 0
3 7
3 1
5 8
3 0
3 9
3 3
3 0
3 5
1 1
3 2
3 2
3 3
3 3
3 1
3 4
3 3
3 5
3 8
3 6
0 0
3 7
3 8
3 8
5 2
3 9
1 1
3 7
3 5
3 0
0 0
3 6
3 1
3 0
3 9
1 7
3 7
3 3
3 1
3 8
3 3
0 7
3 5
3 1
3 2
5 3
3 7
0 7
3 3
3 9
3 3
0 7
3 7
0 4
3 3
3 0
1 7
3 2
3 7
3 5
5 9
3 0
3 9
3 6
3 4
0 4
3 0
0 9
3 7
3 8
3 8
3 5
3 1
3 1
3 5
3 5
1 1
3 3
3 6
3 3
3 1
0 4
3 5
3 0
3 9
3 5
3 8
5 4
3 3
3 8
3 9
3 6
3 4
3 3
3 6
3 4
3 5
3 8
3 5
3 0
3 0
3 6
5 7
9 4
3 6
3 8
3 5
1 3
3 4
3 4
3 0
3 0
3 9
3 1
3 7
3 9
3 7
3 2
3 8
3 7
3 0
3 9
3 2
3 1
3 8
3 2
5 4
3 5
3 2
3 1
3 2
3 7
3 5
3 2
5 9
5 8
3 5
0 7
0 9
3 0
3 7
3 1
3 4
3 9
0 7
3 6
3 3
5 4
3 1
0 9
3 2
3 2
3 0
3 1
3 2
3 2
0 0
3 3
3 1
0 7
3 5
3 0
3 4
3 2
3 7
3 1
3 9
3 3
3 0
3 1
3 6
3 2
3 2
3 5
3 1
3 8
3 3
1 1
3 4
3 6
0 2
3 8
3 6
3 5
3 2
3 6
0 4
3 0
3 8
3 8
3 8
3 9
3 3
1 4
3 0
0 9
3 7
3 2
3 9
0 0
3 8
3 1
3 0
3 2
5 9
3 3
3 8
3 4
3 8
3 5
0 0
3 8
0 7
3 9
3 2
0 0
3 5
3 1
0 0
3 2
5 9
3 3
3 2
3 4
3 8
3 5
1 1
0 6
3 8
3 7
3 3
3 8
0 6
3 9
3 9
3 0
3 3
3 1
3 9
0 2
3 4
3 3
3 0
3 4
3 2
3 5
3 5
3 8
3 1
3 5
3 5
3 2
5 2
3 1
3 9
3 7
0 6
3 2
3 1
1 4
0 6
3 1
3 0
3 4
5 6
3 1
3 6
3 4
3 5
3 9
3 6
3 6
3 8
3 8
3 6
3 4
3 1
3 5
3 5
3 3
3 8
3 7
0 4
3 8
3 1
3 4
3 6
3 3
3 6
3 3
3 7
3 5
0 4
0 0
3 6
3 6
1 7
3 1
0 6
0 6
3 5
3 8
3 8
3 7
3 0
3 0
3 0
3 1
3 1
3 5
3 8
0 6
0 4
3 0
3 0
3 8
3 2
3 5
3 2
3 0
3 3
0 6
3 1
3 1
3 7
3 5
3 5
3 8
3 1
5 4
3 0
3 7
3 4
0 6
3 3
3 9
3 8
3 1
3 5
3 9
0 7
3 7
0 6
3 1
3 7
0 2
3 6
3 3
3 3
3 4
3 2
3 5
3 2
3 5
3 1
3 3
3 3
3 7
3 1
3 3
3 0
3 1
3 9
3 8
3 3
3 2
3 5
3 2
3 8
3 3
3 4
3 2
3 0
3 7
0 9
0 4
3 2
3 9
3 8
3 9
5 4
3 2
3 7
3 8
3 7
3 1
3 9
3 8
5 4
3 3
3 8
3 8
3 2
3 3
3 5
0 6
3 2
3 7
3 2
3 0
3 9
3 4
3 3
0 0
0 3
3 0
3 7
3 1
3 7
3 2
3 5
3 3
3 2
3 4
3 8
3 5
3 8
3 6
3 7
3 7
3 2
3 8
3 9
3 9
3 2
3 0
3 0
3 1
3 9
3 2
3 9
3 3
3 2
3 4
3 9
3 5
3 7
0 6
3 8
3 7
3 5
3 8
3 5
3 9
3 5
3 0
3 3
3 1
3 1
3 2
3 0
3 3
1 6
3 4
3 5
3 5
3 6
3 6
3 5
3 7
3 9
3 8
3 5
3 9
3 1
3 1
3 8
3 8
3 7
3 6
3 7
3 7
3 7
3 1
5 9
3 1
3 5
3 4
3 2
3 3
3 0
3 7
5 9
3 9
3 0
3 3
0 6
3 6
3 2
3 0
3 2
3 3
3 9
3 6
0 6
3 4
3 0
3 8
3 7
1 6
3 3
3 0
3 2
3 1
3 0
3 1
1 1
3 5
3 9
3 9
3 3
3 4
0 6
3 3
3 1
3 0
3 2
3 4
3 1
1 6
0 4
1 9
3 4
3 1
3 5
3 7
3 1
3 9
3 0
3 5
3 9
3 1
3 6
3 1
3 4
1 9
3 8
3 8
3 0
3 6
3 1
3 6
1 6
5 9
3 7
3 8
3 6
3 8
3 7
3 8
3 7
3 2
3 0
3 7
0 7
3 4
3 6
3 5
3 9
3 8
3 7
3 3
3 8
3 5
0 6
3 4
3 6
3 7
3 3
3 6
3 7
3 5
5 9
3 2
0 2
3 2
3 8
3 2
3 8
3 7
3 5
3 7
3 3
3 1
3 9
3 0
3 7
3 1
0 6
3 2
3 1
3 3
0 4
3 4
3 1
3 5
3 7
3 6
3 3
0 7
0 0
3 8
3 5
5 9
3 1
3 0
3 0
3 1
3 6
3 2
3 6
3 3
3 3
3 4
9 6
3 5
3 3
3 6
3 7
3 7
3 0
3 8
3 3
3 9
5 4
3 0
3 3
1 1
3 1
3 2
3 5
3 3
5 1
3 4
3 0
3 5
3 3
3 6
3 2
0 7
3 3
3 8
3 2
3 9
3 0
3 3
3 8
3 2
3 7
5 9
0 0
3 3
3 3
3 2
3 7
1 1
1 4
3 4
3 3
3 5
3 7
3 5
3 2
3 2
3 8
3 3
3 0
3 2
3 7
3 1
3 7
3 3
3 8
5 9
9 4
3 7
Correct Answer = 126
Success Rate: 0.126
