10000
building networks
Random Limit : 10
9999
finished a network
output error = [0.16193114]
9999
finished a network
output error = [0.10581709]
9999
finished a network
output error = [0.26362384]
9999
finished a network
output error = [0.18642223]
9999
finished a network
output error = [0.20404304]
9999
finished a network
output error = [0.10790279]
9999
finished a network
output error = [0.10191722]
9999
finished a network
output error = [0.1038972]
9999
finished a network
output error = [0.10893639]
9999
finished a network
output error = [0.14716714]
9999
finished a network
output error = [0.18917779]
9999
finished a network
output error = [0.13335646]
9999
finished a network
output error = [0.18594124]
9999
finished a network
output error = [0.10199705]
9999
finished a network
output error = [0.10296511]
9999
finished a network
output error = [0.2054738]
9999
finished a network
output error = [0.1821396]
9999
finished a network
output error = [0.18061853]
9999
finished a network
output error = [0.18769629]
9999
finished a network
output error = [0.25820351]
Couldn't find anything
[0.10191722] [0.16096137] 10
Start Deep Training
9999
19999
29999
39999
49999
Square error = [0.08742567]
9999
19999
29999
39999
49999
Square error = [0.07828128]
9999
19999
29999
39999
49999
Square error = [0.07258248]
9999
19999
29999
39999
49999
Square error = [0.06911466]
9999
19999
29999
39999
49999
Square error = [0.0664794]
9999
19999
29999
39999
49999
Square error = [0.06483705]
9999
19999
29999
39999
49999
Square error = [0.0637076]
9999
19999
29999
39999
49999
Square error = [0.06285798]
9999
19999
29999
39999
49999
Square error = [0.06150981]
9999
19999
29999
39999
49999
Square error = [0.05820006]
9999
19999
29999
39999
49999
Square error = [0.05554239]
9999
19999
29999
39999
49999
Square error = [0.0529559]
9999
19999
29999
39999
49999
Square error = [0.049305]
9999
19999
29999
39999
49999
Square error = [0.04775005]
9999
19999
29999
39999
49999
Square error = [0.04673611]
9999
19999
29999
39999
49999
Square error = [0.045946]
9999
19999
29999
39999
49999
Square error = [0.04537824]
9999
19999
29999
39999
49999
Square error = [0.04486081]
9999
19999
29999
39999
49999
Square error = [0.04441108]
9999
19999
29999
39999
49999
Square error = [0.04287793]
9999
19999
29999
39999
49999
Square error = [0.03780907]
9999
19999
29999
39999
49999
Square error = [0.03692968]
9999
19999
29999
39999
49999
Square error = [0.03629685]
9999
19999
29999
39999
49999
Square error = [0.03573986]
9999
19999
29999
39999
49999
Square error = [0.03526001]
9999
19999
29999
39999
49999
Square error = [0.03080336]
9999
19999
29999
39999
49999
Square error = [0.02472452]
9999
19999
29999
39999
49999
Square error = [0.02403031]
9999
19999
29999
39999
49999
Square error = [0.02358816]
9999
19999
29999
39999
49999
Square error = [0.02314353]
9999
19999
29999
39999
49999
Square error = [0.0229]
9999
19999
29999
39999
49999
Square error = [0.0225226]
9999
19999
29999
39999
49999
Square error = [0.02224721]
9999
19999
29999
39999
49999
Square error = [0.02204588]
9999
19999
29999
39999
49999
Square error = [0.02179357]
9999
19999
29999
39999
49999
Square error = [0.02155357]
9999
19999
29999
39999
49999
Square error = [0.02136665]
9999
19999
29999
39999
49999
Square error = [0.0211523]
9999
19999
29999
39999
49999
Square error = [0.02099575]
9999
19999
29999
39999
49999
Square error = [0.02080656]
9999
19999
29999
39999
49999
Square error = [0.02068971]
9999
19999
29999
39999
49999
Square error = [0.02054923]
9999
19999
29999
39999
49999
Square error = [0.02035174]
9999
19999
29999
39999
49999
Square error = [0.02024672]
9999
19999
29999
39999
49999
Square error = [0.02011204]
9999
19999
29999
39999
49999
Square error = [0.01997693]
9999
19999
29999
39999
49999
Square error = [0.0198956]
9999
19999
29999
39999
49999
Square error = [0.01978116]
9999
19999
29999
39999
49999
Square error = [0.01965673]
9999
19999
29999
39999
49999
Square error = [0.01957316]
Start Validation Tests
3 3
8 8
6 6
4 9
6 6
4 4
5 5
3 3
8 8
4 4
5 5
2 2
3 3
8 8
4 4
8 8
1 1
5 5
0 0
5 5
8 9
7 7
4 4
1 1
0 0
5 3
0 0
6 6
2 2
4 9
7 9
4 4
1 1
3 3
6 6
8 8
0 0
7 7
7 7
6 6
8 8
4 9
0 0
3 3
8 8
3 3
2 7
7 7
8 8
6 4
4 4
1 1
6 2
4 9
6 8
1 1
1 1
0 0
6 6
6 6
5 5
0 0
1 1
1 1
7 7
2 2
7 7
3 3
1 1
4 4
0 0
5 5
0 0
6 6
8 8
7 7
6 6
8 8
3 9
4 9
4 4
0 0
6 6
1 1
7 9
2 2
2 6
3 3
8 9
4 4
4 4
5 5
6 6
6 6
1 1
7 7
2 2
8 8
6 6
7 9
7 7
0 0
4 9
1 1
6 6
2 2
8 8
3 3
6 6
4 4
7 9
5 5
8 8
6 6
8 8
7 7
3 8
8 8
6 6
4 9
8 1
7 7
6 6
0 0
2 9
6 6
7 7
0 0
1 9
7 7
1 1
3 3
6 6
8 8
4 4
6 6
1 1
7 7
5 5
1 1
3 3
3 3
5 5
7 7
7 9
8 9
6 6
7 7
3 3
6 4
1 1
0 0
4 4
2 2
4 4
3 5
0 0
0 0
1 1
6 6
6 6
4 4
2 7
4 9
4 4
6 6
5 5
2 2
6 6
8 9
8 8
8 8
8 8
5 5
5 9
3 3
8 8
4 9
3 8
8 8
8 8
3 3
4 4
4 4
3 3
0 0
4 9
5 5
4 4
4 4
1 1
8 8
0 0
6 6
1 1
3 3
2 2
0 0
8 8
6 6
0 0
3 3
0 5
4 4
4 9
0 0
3 3
1 1
0 0
4 9
3 3
2 2
8 3
3 3
3 3
7 7
4 4
4 9
2 2
1 1
6 6
2 2
1 1
8 5
7 7
1 1
4 9
7 7
4 9
2 2
2 2
8 8
1 1
4 7
7 7
0 0
2 0
1 1
8 8
0 9
0 0
6 6
6 6
4 4
7 7
4 9
7 8
2 2
7 9
1 1
5 5
2 2
5 5
3 3
7 7
7 7
0 0
0 0
8 8
2 2
3 3
1 1
3 3
5 5
1 1
3 3
6 6
4 4
8 8
7 7
6 6
2 2
8 8
1 1
8 8
6 6
6 6
8 8
7 7
5 5
6 6
0 0
4 4
8 8
4 4
8 9
3 3
2 2
3 3
6 6
2 2
0 0
1 1
1 1
6 6
2 2
5 5
3 3
0 0
4 4
3 3
5 5
8 8
6 6
4 9
7 7
8 8
8 8
3 3
7 9
0 0
0 0
3 3
1 1
4 4
2 2
5 5
3 3
4 9
4 4
0 5
5 5
5 5
6 6
0 0
7 7
1 1
8 8
0 0
7 9
3 3
0 0
8 5
1 1
2 2
2 2
3 3
5 3
1 1
4 4
2 3
5 5
5 8
6 6
0 0
7 7
8 8
8 8
4 2
7 9
1 1
7 7
8 5
0 0
0 0
1 6
1 1
0 0
4 9
1 7
7 7
3 3
1 1
8 8
3 3
7 7
8 5
1 1
2 2
7 3
7 7
0 7
3 3
7 9
3 3
7 7
7 7
4 4
3 3
0 0
7 7
2 2
7 7
5 5
4 9
0 0
8 9
6 6
4 4
4 4
0 0
4 9
7 7
8 8
8 8
5 5
6 1
1 1
5 5
5 5
1 1
3 3
6 6
8 3
1 1
4 4
5 5
0 0
8 9
5 5
6 8
4 4
3 3
8 8
3 9
6 6
4 4
3 3
6 6
4 4
5 5
8 8
5 5
0 0
0 0
6 6
1 7
4 4
0 6
8 8
5 5
8 3
4 4
4 4
0 0
0 0
7 9
1 1
7 7
4 9
7 7
2 2
8 8
7 7
0 0
4 9
2 2
1 1
8 8
2 2
4 4
5 5
2 2
1 1
2 2
7 7
5 5
2 2
4 9
8 8
5 5
7 7
8 9
0 0
7 7
1 1
4 4
7 9
7 7
6 6
5 3
4 4
1 1
7 9
2 2
2 2
0 0
1 1
2 2
2 2
0 0
3 3
1 1
7 7
5 5
0 0
4 4
2 2
7 7
1 1
7 9
3 3
0 0
1 1
6 6
2 2
2 2
5 5
1 1
8 8
8 3
1 1
4 4
6 6
2 2
8 8
6 6
5 5
2 2
6 6
4 4
0 0
8 8
8 8
3 8
8 9
3 3
4 4
0 0
4 9
7 7
2 2
4 9
0 0
8 8
1 1
0 0
2 2
4 9
3 3
8 8
4 4
8 8
5 5
0 0
8 8
7 7
7 9
2 2
0 0
5 5
1 1
0 0
2 2
4 9
3 3
2 2
4 4
8 8
5 5
1 1
6 6
8 8
7 7
3 3
8 8
6 6
7 9
8 9
0 0
3 3
1 1
7 9
2 2
4 4
3 3
0 0
4 4
2 2
5 5
5 5
8 8
2 1
5 5
6 5
2 2
6 2
1 1
3 9
7 7
6 6
2 2
1 1
4 4
2 6
1 1
0 0
4 4
6 6
1 1
6 6
4 4
5 5
7 9
6 6
6 6
8 8
8 8
6 6
4 4
1 1
5 5
5 5
3 3
8 8
3 7
4 4
8 8
1 1
4 4
6 6
3 3
6 6
3 3
7 7
5 5
4 4
0 0
6 6
6 6
7 7
1 1
6 6
6 6
5 5
8 8
8 8
7 7
0 0
0 0
0 0
1 1
2 1
5 5
8 8
6 6
4 4
0 0
0 0
7 8
2 2
5 5
2 2
0 0
1 3
6 6
1 1
1 1
7 7
5 5
5 5
8 8
1 1
4 4
0 0
7 7
4 4
6 6
3 3
7 9
8 8
1 1
5 5
7 9
4 7
7 7
6 6
1 1
7 7
2 2
6 6
3 3
3 3
4 4
2 2
5 5
2 2
5 5
1 1
3 3
3 3
7 7
1 1
3 3
0 0
1 1
7 9
8 8
3 3
2 2
7 5
2 2
8 8
3 3
4 4
2 2
0 0
7 7
0 9
4 4
2 2
4 9
8 8
7 9
4 4
2 2
7 7
8 8
7 7
1 1
4 9
8 8
4 4
3 3
5 8
8 8
8 2
3 3
7 5
6 6
2 2
7 7
2 2
0 0
4 9
4 4
3 3
0 0
0 3
8 0
7 7
1 1
7 7
2 2
5 5
3 3
2 2
4 4
8 8
5 5
8 8
6 6
7 7
7 7
2 2
8 8
8 9
8 9
2 2
0 0
0 0
1 1
7 9
2 2
4 9
3 3
7 2
4 4
3 9
5 5
7 7
6 6
8 8
7 7
5 5
8 8
5 5
8 9
8 5
0 0
3 3
1 1
1 1
2 2
0 0
3 3
6 6
4 4
5 5
3 5
6 6
6 6
5 5
7 7
7 9
8 8
8 5
8 9
1 1
2 1
8 8
8 8
7 7
6 6
7 7
7 7
7 7
1 1
7 9
1 1
5 5
4 4
2 2
3 3
0 0
7 7
2 9
4 9
0 0
3 3
6 6
6 6
2 2
0 0
5 2
3 3
2 9
6 6
6 6
8 4
0 0
8 8
7 7
6 6
3 3
0 0
2 2
2 1
0 0
1 1
1 1
5 5
7 9
4 9
3 3
4 4
6 6
2 3
1 1
0 0
2 2
4 4
1 1
6 6
4 4
7 9
4 4
1 1
5 5
7 7
1 1
8 9
0 0
5 5
8 9
1 1
6 6
1 1
4 4
4 9
8 8
8 8
0 0
6 6
1 1
6 6
6 6
4 9
7 7
8 8
6 6
8 8
7 7
8 8
7 7
2 2
0 0
7 7
0 7
4 4
6 6
5 5
4 9
8 8
7 7
3 3
8 8
5 5
6 6
4 4
6 6
7 7
3 3
6 6
7 7
5 5
4 9
2 2
2 2
2 2
8 8
2 2
8 8
7 7
5 5
8 7
3 3
8 1
8 9
0 0
7 7
1 1
6 6
2 2
1 1
3 3
4 4
4 4
1 1
5 5
7 7
6 6
3 3
7 7
0 0
8 8
5 5
4 9
1 1
0 0
0 0
1 1
6 6
2 2
6 6
3 3
3 3
4 4
6 6
5 5
3 3
6 6
7 7
7 7
0 0
8 8
7 3
7 9
4 4
0 0
3 3
1 1
1 1
2 2
5 5
3 3
1 1
4 4
0 0
5 5
3 3
6 6
2 2
7 7
3 3
8 8
2 2
4 9
0 0
3 3
8 8
2 2
7 7
4 9
0 0
3 3
8 3
2 2
7 7
1 1
4 4
4 4
3 3
5 5
7 7
5 5
2 2
2 2
8 8
3 3
0 0
2 2
1 7
1 1
7 7
3 3
8 8
4 9
4 4
7 7
Correct Answer = 833
Success Rate: 0.833
