10000
building networks
Random Limit : 10
9999
finished a network
output error = [0.10523781]
9999
finished a network
output error = [0.35146826]
9999
finished a network
output error = [0.17943927]
9999
finished a network
output error = [0.18474727]
9999
finished a network
output error = [0.13607772]
9999
finished a network
output error = [0.10905533]
9999
finished a network
output error = [0.10748187]
9999
finished a network
output error = [0.13431473]
9999
finished a network
output error = [0.11119499]
9999
finished a network
output error = [0.10115147]
9999
finished a network
output error = [0.11440892]
9999
finished a network
output error = [0.10447225]
9999
finished a network
output error = [0.10441958]
9999
finished a network
output error = [0.09869543]
9999
finished a network
output error = [0.10358011]
9999
finished a network
output error = [0.12081574]
9999
finished a network
output error = [0.11059713]
9999
finished a network
output error = [0.2246482]
9999
finished a network
output error = [0.10375549]
9999
finished a network
output error = [0.10855135]
Couldn't find anything
[0.09869543] [0.13570565] 10
Start Deep Training
9999
19999
29999
39999
49999
Square error = [0.08651286]
9999
19999
29999
39999
49999
Square error = [0.07095415]
9999
19999
29999
39999
49999
Square error = [0.06349771]
9999
19999
29999
39999
49999
Square error = [0.05778618]
9999
19999
29999
39999
49999
Square error = [0.05362967]
9999
19999
29999
39999
49999
Square error = [0.05114376]
9999
19999
29999
39999
49999
Square error = [0.04947046]
9999
19999
29999
39999
49999
Square error = [0.04802793]
9999
19999
29999
39999
49999
Square error = [0.04706741]
9999
19999
29999
39999
49999
Square error = [0.0461334]
9999
19999
29999
39999
49999
Square error = [0.04540811]
9999
19999
29999
39999
49999
Square error = [0.0447966]
9999
19999
29999
39999
49999
Square error = [0.04421906]
9999
19999
29999
39999
49999
Square error = [0.04376922]
9999
19999
29999
39999
49999
Square error = [0.04329942]
9999
19999
29999
39999
49999
Square error = [0.04288603]
9999
19999
29999
39999
49999
Square error = [0.04265238]
9999
19999
29999
39999
49999
Square error = [0.04247445]
9999
19999
29999
39999
49999
Square error = [0.04215817]
9999
19999
29999
39999
49999
Square error = [0.04189882]
9999
19999
29999
39999
49999
Square error = [0.04165627]
9999
19999
29999
39999
49999
Square error = [0.04151462]
9999
19999
29999
39999
49999
Square error = [0.04131184]
9999
19999
29999
39999
49999
Square error = [0.04113231]
9999
19999
29999
39999
49999
Square error = [0.04092426]
9999
19999
29999
39999
49999
Square error = [0.04077945]
9999
19999
29999
39999
49999
Square error = [0.04065308]
9999
19999
29999
39999
49999
Square error = [0.04050789]
9999
19999
29999
39999
49999
Square error = [0.04039871]
9999
19999
29999
39999
49999
Square error = [0.0402642]
9999
19999
29999
39999
49999
Square error = [0.04007552]
9999
19999
29999
39999
49999
Square error = [0.03999439]
9999
19999
29999
39999
49999
Square error = [0.03987467]
9999
19999
29999
39999
49999
Square error = [0.03975066]
9999
19999
29999
39999
49999
Square error = [0.03962643]
9999
19999
29999
39999
49999
Square error = [0.03952834]
9999
19999
29999
39999
49999
Square error = [0.03940351]
9999
19999
29999
39999
49999
Square error = [0.0393478]
9999
19999
29999
39999
49999
Square error = [0.0392325]
9999
19999
29999
39999
49999
Square error = [0.03919317]
9999
19999
29999
39999
49999
Square error = [0.03908817]
9999
19999
29999
39999
49999
Square error = [0.03907205]
9999
19999
29999
39999
49999
Square error = [0.03897631]
9999
19999
29999
39999
49999
Square error = [0.03891471]
9999
19999
29999
39999
49999
Square error = [0.03886924]
9999
19999
29999
39999
49999
Square error = [0.03877566]
9999
19999
29999
39999
49999
Square error = [0.03873234]
9999
19999
29999
39999
49999
Square error = [0.03866395]
9999
19999
29999
39999
49999
Square error = [0.03861483]
9999
19999
29999
39999
49999
Square error = [0.03853525]
Start Validation Tests
5 3
2 8
6 6
9 9
6 6
4 4
5 5
2 3
5 8
7 4
5 5
2 2
2 3
5 8
4 4
5 8
5 1
2 5
0 0
5 5
9 9
7 7
4 4
5 1
0 0
2 3
0 0
6 6
2 2
7 9
9 9
4 4
5 1
5 3
6 6
5 8
0 0
7 7
7 7
6 6
2 8
9 9
0 0
5 3
5 8
2 3
2 7
7 7
5 8
4 4
4 4
5 1
6 2
9 9
5 8
4 1
7 1
0 0
6 6
6 6
5 5
0 0
5 1
4 1
7 7
2 2
7 7
9 3
9 1
4 4
0 0
5 5
0 0
6 6
9 8
7 7
6 6
5 8
4 9
4 9
4 4
0 0
4 6
4 1
9 9
2 2
2 6
5 3
9 9
4 4
4 4
4 5
6 6
6 6
2 1
7 7
2 2
5 8
6 6
9 9
7 7
0 0
9 9
2 1
6 6
2 2
6 8
2 3
6 6
4 4
9 9
5 5
9 8
6 6
5 8
7 7
2 8
5 8
6 6
9 9
4 1
7 7
6 6
0 0
9 9
6 6
7 7
0 0
9 9
7 7
5 1
2 3
6 6
2 8
4 4
6 6
2 1
7 7
5 5
2 1
2 3
2 3
5 5
7 7
9 9
9 9
6 6
7 7
2 3
6 4
5 1
0 0
4 4
2 2
9 4
5 5
0 0
0 0
4 1
6 6
6 6
4 4
7 7
9 9
4 4
6 6
5 5
2 2
6 6
9 9
5 8
4 8
2 8
5 5
9 9
5 3
5 8
4 9
2 8
5 8
9 8
2 3
4 4
6 4
2 3
0 0
9 9
5 5
4 4
4 4
5 1
5 8
0 0
6 6
5 1
5 3
2 2
0 0
2 8
6 6
0 0
7 3
5 5
4 4
9 9
0 0
5 3
5 1
0 0
9 9
5 3
2 2
5 3
2 3
2 3
7 7
9 4
9 9
2 2
5 1
6 6
2 2
5 1
5 5
9 7
9 1
9 9
7 7
5 9
2 2
2 2
9 8
7 1
4 7
7 7
0 0
2 0
5 1
5 8
0 9
0 0
6 6
6 6
2 4
7 7
9 9
7 8
2 2
2 9
4 1
5 5
2 2
5 5
5 3
7 7
7 7
6 0
0 0
2 8
2 2
5 3
5 1
2 3
5 5
7 1
2 3
6 6
4 4
5 8
7 7
6 6
2 2
5 8
9 1
2 8
6 6
6 6
5 8
7 7
5 5
6 6
0 0
4 4
5 8
9 4
4 9
6 3
2 2
5 3
6 6
2 2
0 0
4 1
5 1
6 6
2 2
5 5
5 3
0 0
4 4
2 3
5 5
2 8
6 6
9 9
7 7
2 8
2 8
0 3
9 9
0 0
0 0
5 3
5 1
4 4
2 2
5 5
5 3
9 9
4 4
7 5
5 5
7 5
6 6
0 0
7 7
5 1
5 8
0 0
7 9
2 3
0 0
5 5
4 1
2 2
2 2
2 3
5 3
2 1
4 4
2 3
5 5
0 8
6 6
0 0
7 7
7 8
5 8
4 2
9 9
5 1
7 7
5 5
0 0
0 0
4 6
9 1
0 0
9 9
5 7
7 7
2 3
2 1
5 8
2 3
7 7
7 5
5 1
2 2
9 3
7 7
0 7
6 3
9 9
2 3
9 7
7 7
4 4
2 3
0 0
7 7
6 2
7 7
5 5
9 9
0 0
9 9
6 6
4 4
4 4
0 0
4 9
7 7
7 8
5 8
5 5
5 1
5 1
5 5
5 5
4 1
5 3
6 6
4 3
5 1
4 4
5 5
0 0
9 9
5 5
5 8
4 4
5 3
5 8
5 9
6 6
4 4
5 3
6 6
4 4
5 5
5 8
5 5
0 0
0 0
5 6
4 7
4 4
6 6
2 8
5 5
9 3
4 4
4 4
0 0
0 0
9 9
4 1
7 7
9 9
7 7
2 2
2 8
0 7
0 0
4 9
2 2
5 1
5 8
2 2
4 4
5 5
2 2
5 1
2 2
7 7
5 5
2 2
9 9
2 8
5 5
5 7
9 9
0 0
7 7
5 1
4 4
9 9
7 7
6 6
5 3
4 4
5 1
9 9
2 2
2 2
0 0
4 1
2 2
2 2
0 0
5 3
5 1
5 7
5 5
0 0
4 4
2 2
7 7
2 1
9 9
5 3
0 0
5 1
6 6
2 2
2 2
5 5
4 1
6 8
2 3
4 1
4 4
6 6
2 2
9 8
6 6
5 5
2 2
6 6
4 4
0 0
5 8
5 8
2 8
9 9
2 3
4 4
0 0
9 9
7 7
2 2
5 9
0 0
5 8
5 1
0 0
2 2
9 9
2 3
5 8
4 4
2 8
5 5
0 0
5 8
7 7
9 9
2 2
0 0
5 5
5 1
0 0
2 2
9 9
2 3
2 2
4 4
5 8
5 5
4 1
6 6
4 8
7 7
7 3
5 8
4 6
7 9
9 9
0 0
5 3
5 1
9 9
2 2
4 4
2 3
0 0
4 4
2 2
5 5
5 5
5 8
7 1
5 5
5 5
2 2
2 2
5 1
9 9
7 7
6 6
2 2
9 1
4 4
5 6
5 1
0 0
4 4
6 6
5 1
6 6
4 4
5 5
9 9
6 6
6 6
5 8
5 8
6 6
4 4
5 1
5 5
5 5
2 3
5 8
7 7
4 4
5 8
5 1
4 4
6 6
2 3
6 6
2 3
7 7
5 5
4 4
0 0
5 6
6 6
7 7
5 1
6 6
6 6
5 5
7 8
5 8
7 7
0 0
0 0
0 0
5 1
7 1
5 5
4 8
6 6
4 4
0 0
0 0
7 8
2 2
5 5
2 2
0 0
2 3
6 6
4 1
7 1
9 7
5 5
5 5
5 8
5 1
4 4
0 0
7 7
4 4
6 6
6 3
7 9
5 8
2 1
5 5
9 9
7 7
7 7
6 6
9 1
7 7
2 2
6 6
4 3
5 3
4 4
2 2
5 5
2 2
5 5
2 1
9 3
2 3
7 7
2 1
2 3
0 0
2 1
9 9
9 8
2 3
2 2
5 5
2 2
5 8
2 3
4 4
2 2
0 0
7 7
0 9
4 4
7 2
9 9
5 8
9 9
4 4
2 2
7 7
4 8
7 7
5 1
9 9
9 8
4 4
2 3
6 8
4 8
5 2
2 3
2 5
6 6
2 2
7 7
2 2
0 0
9 9
4 4
4 3
0 0
5 3
5 0
7 7
5 1
7 7
2 2
5 5
2 3
2 2
4 4
5 8
5 5
2 8
6 6
7 7
7 7
2 2
5 8
9 9
9 9
2 2
0 0
0 0
5 1
9 9
2 2
9 9
2 3
7 2
4 4
9 9
5 5
7 7
6 6
5 8
7 7
5 5
5 8
5 5
9 9
5 5
0 0
2 3
5 1
7 1
2 2
0 0
2 3
6 6
4 4
5 5
0 5
6 6
6 6
5 5
7 7
9 9
5 8
5 5
9 9
4 1
2 1
5 8
5 8
7 7
6 6
7 7
7 7
7 7
5 1
9 9
5 1
5 5
4 4
6 2
2 3
0 0
7 7
9 9
9 9
0 0
5 3
6 6
6 6
2 2
0 0
5 2
2 3
9 9
6 6
6 6
4 4
0 0
9 8
7 7
6 6
5 3
0 0
0 2
6 1
0 0
5 1
5 1
5 5
9 9
9 9
2 3
4 4
2 6
0 3
4 1
0 0
2 2
9 4
5 1
6 6
4 4
9 9
4 4
5 1
5 5
7 7
5 1
9 9
0 0
6 5
9 9
5 1
6 6
5 1
5 4
9 9
5 8
5 8
0 0
6 6
2 1
6 6
6 6
9 9
7 7
5 8
6 6
5 8
7 7
5 8
7 7
2 2
0 0
7 7
7 7
4 4
6 6
5 5
9 9
2 8
7 7
6 3
5 8
5 5
6 6
4 4
6 6
7 7
2 3
6 6
7 7
5 5
4 9
2 2
2 2
2 2
5 8
2 2
2 8
7 7
5 5
2 7
2 3
5 1
9 9
0 0
7 7
2 1
6 6
2 2
5 1
2 3
5 4
4 4
4 1
5 5
7 7
6 6
2 3
7 7
0 0
5 8
5 5
9 9
2 1
0 0
0 0
4 1
6 6
2 2
6 6
2 3
5 3
4 4
6 6
5 5
6 3
6 6
7 7
7 7
0 0
5 8
2 3
9 9
4 4
0 0
5 3
5 1
5 1
2 2
5 5
2 3
5 1
4 4
0 0
5 5
5 3
6 6
2 2
7 7
5 3
5 8
2 2
9 9
0 0
2 3
2 8
2 2
7 7
9 9
0 0
2 3
5 3
2 2
7 7
2 1
4 4
5 4
2 3
5 5
7 7
5 5
2 2
2 2
5 8
2 3
0 0
2 2
7 7
4 1
7 7
5 3
5 8
9 9
4 4
7 7
Correct Answer = 613
Success Rate: 0.613
