10000
building networks
Random Limit : 10
9999
finished a network
output error = [0.10514887]
9999
finished a network
output error = [0.11079343]
9999
finished a network
output error = [0.10538839]
9999
finished a network
output error = [0.19469072]
9999
finished a network
output error = [0.18646297]
9999
finished a network
output error = [0.16244049]
9999
finished a network
output error = [0.1114635]
9999
finished a network
output error = [0.12746788]
9999
finished a network
output error = [0.18739168]
9999
finished a network
output error = [0.12100763]
9999
finished a network
output error = [0.18082731]
9999
finished a network
output error = [0.11792161]
9999
finished a network
output error = [0.27795826]
9999
finished a network
output error = [0.1054879]
9999
finished a network
output error = [0.1129679]
9999
finished a network
output error = [0.34501898]
9999
finished a network
output error = [0.11663179]
9999
finished a network
output error = [0.10191087]
9999
finished a network
output error = [0.10363364]
9999
finished a network
output error = [0.19132286]
Couldn't find anything
[0.10191087] [0.15329683] 10
Start Deep Training
9999
19999
29999
39999
49999
Square error = [0.08683959]
9999
19999
29999
39999
49999
Square error = [0.0775576]
9999
19999
29999
39999
49999
Square error = [0.07116681]
9999
19999
29999
39999
49999
Square error = [0.067758]
9999
19999
29999
39999
49999
Square error = [0.06557361]
9999
19999
29999
39999
49999
Square error = [0.06406899]
9999
19999
29999
39999
49999
Square error = [0.062895]
9999
19999
29999
39999
49999
Square error = [0.06203962]
9999
19999
29999
39999
49999
Square error = [0.061403]
9999
19999
29999
39999
49999
Square error = [0.06077815]
9999
19999
29999
39999
49999
Square error = [0.06025284]
9999
19999
29999
39999
49999
Square error = [0.05984547]
9999
19999
29999
39999
49999
Square error = [0.05950867]
9999
19999
29999
39999
49999
Square error = [0.05915034]
9999
19999
29999
39999
49999
Square error = [0.05890092]
9999
19999
29999
39999
49999
Square error = [0.05865233]
9999
19999
29999
39999
49999
Square error = [0.0581355]
9999
19999
29999
39999
49999
Square error = [0.05290607]
9999
19999
29999
39999
49999
Square error = [0.05112733]
9999
19999
29999
39999
49999
Square error = [0.05050766]
9999
19999
29999
39999
49999
Square error = [0.05001757]
9999
19999
29999
39999
49999
Square error = [0.04964573]
9999
19999
29999
39999
49999
Square error = [0.04929955]
9999
19999
29999
39999
49999
Square error = [0.04898175]
9999
19999
29999
39999
49999
Square error = [0.0487233]
9999
19999
29999
39999
49999
Square error = [0.04850636]
9999
19999
29999
39999
49999
Square error = [0.04833955]
9999
19999
29999
39999
49999
Square error = [0.04815]
9999
19999
29999
39999
49999
Square error = [0.04800321]
9999
19999
29999
39999
49999
Square error = [0.04785418]
9999
19999
29999
39999
49999
Square error = [0.04768444]
9999
19999
29999
39999
49999
Square error = [0.047585]
9999
19999
29999
39999
49999
Square error = [0.04747661]
9999
19999
29999
39999
49999
Square error = [0.04729999]
9999
19999
29999
39999
49999
Square error = [0.04718146]
9999
19999
29999
39999
49999
Square error = [0.04709313]
9999
19999
29999
39999
49999
Square error = [0.04696635]
9999
19999
29999
39999
49999
Square error = [0.04686683]
9999
19999
29999
39999
49999
Square error = [0.04676927]
9999
19999
29999
39999
49999
Square error = [0.04667429]
9999
19999
29999
39999
49999
Square error = [0.04663589]
9999
19999
29999
39999
49999
Square error = [0.04652607]
9999
19999
29999
39999
49999
Square error = [0.04644713]
9999
19999
29999
39999
49999
Square error = [0.0463673]
9999
19999
29999
39999
49999
Square error = [0.04634136]
9999
19999
29999
39999
49999
Square error = [0.04623093]
9999
19999
29999
39999
49999
Square error = [0.04618313]
9999
19999
29999
39999
49999
Square error = [0.04611555]
9999
19999
29999
39999
49999
Square error = [0.04612304]
9999
19999
29999
39999
49999
Square error = [0.0460179]
Start Validation Tests
3 3
3 8
4 6
9 9
3 6
0 4
5 5
3 3
3 8
4 4
5 5
9 2
3 3
3 8
4 4
3 8
1 1
3 5
0 0
5 5
9 9
9 7
4 4
1 1
0 0
3 3
0 0
4 6
3 2
9 9
9 9
4 4
1 1
3 3
4 6
1 8
0 0
9 7
3 7
4 6
5 8
9 9
0 0
3 3
3 8
3 3
9 7
9 7
0 8
4 4
4 4
1 1
4 2
9 9
3 8
1 1
1 1
0 0
3 6
4 6
5 5
0 0
1 1
1 1
9 7
3 2
9 7
3 3
1 1
4 4
0 0
5 5
0 0
3 6
9 8
9 7
9 6
5 8
5 9
9 9
4 4
0 0
0 6
1 1
9 9
3 2
3 6
3 3
1 9
4 4
9 4
4 5
5 6
9 6
1 1
9 7
3 2
3 8
4 6
9 9
3 7
0 0
9 9
1 1
4 6
3 2
3 8
3 3
0 6
4 4
9 9
5 5
3 8
9 6
5 8
9 7
4 8
9 8
9 6
4 9
4 1
9 7
4 6
0 0
9 9
1 6
3 7
0 0
9 9
9 7
1 1
3 3
3 6
3 8
4 4
5 6
1 1
9 7
5 5
1 1
3 3
3 3
5 5
9 7
4 9
9 9
9 6
9 7
3 3
4 4
1 1
0 0
4 4
3 2
4 4
3 5
0 0
0 0
1 1
3 6
4 6
4 4
9 7
9 9
4 4
0 6
5 5
3 2
0 6
9 9
3 8
3 8
5 8
5 5
9 9
3 3
3 8
9 9
3 8
3 8
5 8
3 3
4 4
4 4
5 3
0 0
9 9
5 5
4 4
4 4
1 1
3 8
0 0
5 6
1 1
3 3
0 2
0 0
5 8
1 6
0 0
3 3
5 5
4 4
9 9
0 0
3 3
1 1
0 0
9 9
3 3
3 2
9 3
3 3
3 3
9 7
4 4
9 9
9 2
1 1
9 6
5 2
1 1
5 5
3 7
1 1
9 9
9 7
0 9
3 2
3 2
9 8
1 1
9 7
9 7
0 0
3 0
1 1
5 8
0 9
0 0
9 6
4 6
4 4
9 7
9 9
1 8
3 2
9 9
1 1
5 5
3 2
5 5
3 3
9 7
9 7
5 0
0 0
3 8
3 2
3 3
1 1
3 3
5 5
1 1
3 3
9 6
4 4
3 8
9 7
3 6
3 2
5 8
1 1
3 8
9 6
4 6
5 8
3 7
5 5
4 6
0 0
4 4
5 8
4 4
9 9
3 3
3 2
3 3
3 6
9 2
0 0
1 1
1 1
5 6
4 2
5 5
3 3
0 0
4 4
3 3
5 5
3 8
3 6
9 9
9 7
3 8
4 8
0 3
9 9
0 0
0 0
3 3
1 1
4 4
0 2
5 5
0 3
4 9
4 4
0 5
5 5
5 5
0 6
0 0
9 7
1 1
4 8
0 0
0 9
3 3
0 0
5 5
1 1
1 2
4 2
3 3
3 3
1 1
4 4
3 3
5 5
5 8
5 6
0 0
9 7
5 8
3 8
4 2
9 9
1 1
9 7
5 5
3 0
0 0
1 6
1 1
0 0
9 9
1 7
9 7
3 3
1 1
3 8
3 3
0 7
3 5
1 1
3 2
9 3
4 7
0 7
3 3
9 9
3 3
0 7
0 7
4 4
3 3
0 0
9 7
3 2
3 7
5 5
9 9
0 0
9 9
5 6
4 4
4 4
0 0
4 9
9 7
3 8
1 8
5 5
1 1
1 1
5 5
5 5
1 1
3 3
3 6
9 3
1 1
4 4
5 5
5 0
5 9
5 5
5 8
4 4
3 3
1 8
3 9
5 6
4 4
5 3
9 6
4 4
5 5
5 8
5 5
0 0
0 0
5 6
1 7
4 4
5 6
1 8
5 5
9 3
4 4
4 4
0 0
0 0
9 9
1 1
9 7
9 9
9 7
3 2
5 8
0 7
0 0
9 9
5 2
1 1
3 8
0 2
4 4
5 5
3 2
1 1
3 2
9 7
5 5
9 2
9 9
9 8
5 5
0 7
9 9
0 0
3 7
1 1
4 4
9 9
9 7
4 6
5 3
4 4
1 1
9 9
3 2
9 2
0 0
1 1
9 2
0 2
0 0
3 3
1 1
9 7
5 5
0 0
9 4
9 2
9 7
1 1
9 9
3 3
0 0
1 1
5 6
9 2
9 2
5 5
1 1
3 8
5 3
1 1
4 4
5 6
3 2
5 8
3 6
5 5
9 2
5 6
4 4
0 0
3 8
5 8
3 8
9 9
3 3
4 4
0 0
9 9
3 7
4 2
4 9
0 0
1 8
1 1
0 0
0 2
9 9
3 3
9 8
4 4
3 8
5 5
0 0
9 8
5 7
9 9
3 2
0 0
5 5
1 1
0 0
4 2
9 9
3 3
3 2
4 4
3 8
5 5
1 1
4 6
3 8
9 7
3 3
3 8
4 6
9 9
9 9
0 0
5 3
1 1
9 9
9 2
4 4
3 3
0 0
4 4
4 2
3 5
5 5
4 8
9 1
5 5
0 5
4 2
5 2
1 1
9 9
9 7
0 6
3 2
1 1
4 4
0 6
1 1
0 0
4 4
9 6
1 1
3 6
4 4
5 5
9 9
3 6
4 6
1 8
3 8
4 6
4 4
1 1
5 5
5 5
3 3
3 8
3 7
4 4
9 8
1 1
4 4
9 6
3 3
5 6
3 3
9 7
5 5
4 4
0 0
5 6
3 6
9 7
1 1
4 6
4 6
5 5
4 8
5 8
3 7
0 0
0 0
0 0
1 1
0 1
5 5
9 8
0 6
4 4
0 0
0 0
9 8
3 2
5 5
3 2
0 0
3 3
9 6
1 1
1 1
9 7
5 5
5 5
3 8
1 1
4 4
0 0
9 7
4 4
4 6
3 3
9 9
3 8
1 1
5 5
9 9
0 7
9 7
4 6
1 1
9 7
0 2
9 6
3 3
3 3
4 4
0 2
5 5
3 2
5 5
1 1
3 3
3 3
9 7
1 1
3 3
0 0
1 1
9 9
9 8
3 3
4 2
5 5
4 2
3 8
3 3
4 4
3 2
0 0
9 7
0 9
4 4
1 2
9 9
3 8
9 9
4 4
0 2
9 7
5 8
3 7
1 1
9 9
9 8
4 4
3 3
3 8
3 8
3 2
3 3
9 5
4 6
3 2
9 7
0 2
0 0
9 9
4 4
3 3
0 0
3 3
0 0
5 7
1 1
9 7
3 2
4 5
3 3
3 2
4 4
0 8
5 5
0 8
0 6
9 7
9 7
0 2
0 8
9 9
9 9
3 2
0 0
0 0
1 1
9 9
3 2
9 9
3 3
9 2
4 4
9 9
5 5
9 7
0 6
0 8
9 7
0 5
0 8
5 5
9 9
5 5
0 0
3 3
1 1
1 1
3 2
0 0
3 3
5 6
9 4
5 5
5 5
9 6
9 6
5 5
3 7
9 9
0 8
5 5
9 9
1 1
1 1
0 8
3 8
9 7
9 6
3 7
1 7
3 7
1 1
9 9
1 1
5 5
9 4
0 2
3 3
0 0
3 7
9 9
9 9
0 0
3 3
4 6
3 6
5 2
0 0
5 2
3 3
9 9
3 6
0 6
4 4
0 0
9 8
9 7
3 6
3 3
0 0
0 2
1 1
0 0
1 1
1 1
5 5
9 9
9 9
3 3
9 4
0 6
3 3
1 1
0 0
3 2
3 4
1 1
4 6
4 4
9 9
4 4
1 1
5 5
9 7
1 1
9 9
0 0
5 5
9 9
1 1
5 6
1 1
4 4
9 9
3 8
3 8
0 0
9 6
1 1
3 6
4 6
9 9
9 7
3 8
9 6
9 8
3 7
3 8
9 7
3 2
0 0
3 7
0 7
4 4
3 6
5 5
9 9
3 8
9 7
3 3
9 8
5 5
4 6
4 4
9 6
3 7
3 3
3 6
3 7
5 5
9 9
1 2
3 2
3 2
1 8
3 2
0 8
1 7
5 5
1 7
3 3
1 1
5 9
0 0
3 7
1 1
0 6
3 2
1 1
3 3
4 4
4 4
1 1
5 5
3 7
0 6
3 3
9 7
0 0
3 8
5 5
9 9
1 1
0 0
0 0
1 1
9 6
3 2
5 6
3 3
3 3
4 4
4 6
5 5
3 3
4 6
3 7
9 7
0 0
3 8
3 3
9 9
4 4
0 0
3 3
1 1
1 1
9 2
5 5
3 3
1 1
4 4
0 0
5 5
3 3
9 6
0 2
0 7
3 3
1 8
1 2
9 9
0 0
3 3
3 8
3 2
3 7
9 9
0 0
3 3
5 3
3 2
9 7
1 1
4 4
4 4
5 3
0 5
9 7
5 5
0 2
9 2
3 8
3 3
0 0
5 2
3 7
1 1
3 7
3 3
0 8
9 9
4 4
9 7
Correct Answer = 538
Success Rate: 0.538
