10000
building networks
Random Limit : 10
9999
finished a network
output error = [0.18560806]
9999
finished a network
output error = [0.11133038]
9999
finished a network
output error = [0.20829027]
9999
finished a network
output error = [0.10509499]
9999
finished a network
output error = [0.19192618]
9999
finished a network
output error = [0.09710108]
9999
finished a network
output error = [0.10546962]
9999
finished a network
output error = [0.19891401]
9999
finished a network
output error = [0.1195195]
9999
finished a network
output error = [0.10095483]
9999
finished a network
output error = [0.10017111]
9999
finished a network
output error = [0.11657399]
9999
finished a network
output error = [0.12717842]
9999
finished a network
output error = [0.17508016]
9999
finished a network
output error = [0.15479991]
9999
finished a network
output error = [0.20703029]
9999
finished a network
output error = [0.18734605]
9999
finished a network
output error = [0.18101424]
9999
finished a network
output error = [0.15505457]
9999
finished a network
output error = [0.13005436]
Couldn't find anything
[0.09710108] [0.1479256] 10
Start Deep Training
9999
19999
29999
39999
49999
Square error = [0.08895411]
9999
19999
29999
39999
49999
Square error = [0.07888256]
9999
19999
29999
39999
49999
Square error = [0.07441739]
9999
19999
29999
39999
49999
Square error = [0.07229188]
9999
19999
29999
39999
49999
Square error = [0.07099983]
9999
19999
29999
39999
49999
Square error = [0.06860695]
9999
19999
29999
39999
49999
Square error = [0.06538588]
9999
19999
29999
39999
49999
Square error = [0.06345005]
9999
19999
29999
39999
49999
Square error = [0.0621046]
9999
19999
29999
39999
49999
Square error = [0.06110151]
9999
19999
29999
39999
49999
Square error = [0.05970699]
9999
19999
29999
39999
49999
Square error = [0.05805739]
9999
19999
29999
39999
49999
Square error = [0.05597555]
9999
19999
29999
39999
49999
Square error = [0.054269]
9999
19999
29999
39999
49999
Square error = [0.05331841]
9999
19999
29999
39999
49999
Square error = [0.05254346]
9999
19999
29999
39999
49999
Square error = [0.05191964]
9999
19999
29999
39999
49999
Square error = [0.05145001]
9999
19999
29999
39999
49999
Square error = [0.05095617]
9999
19999
29999
39999
49999
Square error = [0.05060629]
9999
19999
29999
39999
49999
Square error = [0.0495325]
9999
19999
29999
39999
49999
Square error = [0.04603491]
9999
19999
29999
39999
49999
Square error = [0.04422077]
9999
19999
29999
39999
49999
Square error = [0.04327993]
9999
19999
29999
39999
49999
Square error = [0.04265143]
9999
19999
29999
39999
49999
Square error = [0.04213788]
9999
19999
29999
39999
49999
Square error = [0.04173627]
9999
19999
29999
39999
49999
Square error = [0.04133487]
9999
19999
29999
39999
49999
Square error = [0.04100537]
9999
19999
29999
39999
49999
Square error = [0.04068922]
9999
19999
29999
39999
49999
Square error = [0.0404537]
9999
19999
29999
39999
49999
Square error = [0.04023945]
9999
19999
29999
39999
49999
Square error = [0.0400345]
9999
19999
29999
39999
49999
Square error = [0.03981561]
9999
19999
29999
39999
49999
Square error = [0.0396329]
9999
19999
29999
39999
49999
Square error = [0.0394969]
9999
19999
29999
39999
49999
Square error = [0.03931155]
9999
19999
29999
39999
49999
Square error = [0.03919905]
9999
19999
29999
39999
49999
Square error = [0.0389993]
9999
19999
29999
39999
49999
Square error = [0.03890554]
9999
19999
29999
39999
49999
Square error = [0.03876204]
9999
19999
29999
39999
49999
Square error = [0.03864166]
9999
19999
29999
39999
49999
Square error = [0.03856394]
9999
19999
29999
39999
49999
Square error = [0.03844834]
9999
19999
29999
39999
49999
Square error = [0.03833063]
9999
19999
29999
39999
49999
Square error = [0.03827061]
9999
19999
29999
39999
49999
Square error = [0.03463909]
9999
19999
29999
39999
49999
Square error = [0.03129941]
9999
19999
29999
39999
49999
Square error = [0.03078355]
9999
19999
29999
39999
49999
Square error = [0.03044535]
Start Validation Tests
3 3
8 8
6 6
9 9
6 6
4 4
5 5
5 3
8 8
9 4
5 5
6 2
3 3
8 8
9 4
8 8
1 1
8 5
5 0
5 5
9 9
7 7
4 4
1 1
7 0
6 3
5 0
6 6
3 2
9 9
9 9
4 4
1 1
3 3
6 6
8 8
6 0
7 7
7 7
6 6
8 8
7 9
5 0
3 3
8 8
3 3
3 7
7 7
3 8
4 4
4 4
1 1
6 2
9 9
8 8
1 1
1 1
3 0
6 6
6 6
5 5
5 0
1 1
1 1
7 7
7 2
7 7
3 3
1 1
4 4
5 0
5 5
5 0
6 6
8 8
7 7
6 6
8 8
8 9
9 9
4 4
3 0
6 6
1 1
9 9
7 2
6 6
3 3
7 9
4 4
8 4
8 5
6 6
6 6
1 1
7 7
6 2
8 8
6 6
9 9
7 7
5 0
9 9
1 1
6 6
6 2
8 8
3 3
6 6
4 4
9 9
5 5
8 8
6 6
8 8
7 7
3 8
8 8
6 6
9 9
4 1
7 7
6 6
4 0
9 9
6 6
7 7
5 0
9 9
7 7
1 1
3 3
6 6
8 8
4 4
6 6
1 1
7 7
5 5
1 1
3 3
3 3
5 5
7 7
4 9
9 9
6 6
7 7
3 3
6 4
1 1
6 0
4 4
6 2
4 4
5 5
3 0
6 0
1 1
6 6
6 6
4 4
7 7
9 9
4 4
6 6
5 5
3 2
6 6
9 9
8 8
8 8
8 8
5 5
9 9
3 3
8 8
4 9
3 8
8 8
8 8
3 3
4 4
4 4
3 3
6 0
9 9
5 5
4 4
4 4
1 1
8 8
6 0
6 6
1 1
3 3
3 2
5 0
5 8
6 6
5 0
8 3
5 5
4 4
9 9
6 0
3 3
1 1
5 0
9 9
3 3
5 2
8 3
3 3
3 3
7 7
6 4
9 9
6 2
1 1
6 6
6 2
1 1
8 5
7 7
1 1
9 9
7 7
6 9
7 2
6 2
8 8
1 1
7 7
7 7
4 0
8 0
1 1
8 8
3 9
3 0
6 6
6 6
4 4
7 7
9 9
7 8
7 2
7 9
1 1
5 5
5 2
5 5
3 3
7 7
7 7
3 0
6 0
8 8
3 2
3 3
1 1
3 3
5 5
1 1
3 3
6 6
4 4
8 8
7 7
6 6
5 2
8 8
1 1
3 8
6 6
6 6
8 8
7 7
5 5
6 6
5 0
4 4
8 8
4 4
9 9
3 3
3 2
3 3
6 6
5 2
5 0
1 1
1 1
3 6
6 2
5 5
3 3
5 0
4 4
3 3
5 5
8 8
6 6
9 9
7 7
3 8
8 8
3 3
9 9
5 0
3 0
3 3
1 1
4 4
6 2
5 5
3 3
9 9
4 4
3 5
5 5
3 5
6 6
6 0
7 7
1 1
8 8
5 0
7 9
3 3
4 0
5 5
1 1
5 2
6 2
3 3
3 3
1 1
4 4
3 3
5 5
3 8
8 6
5 0
7 7
8 8
8 8
6 2
7 9
1 1
7 7
5 5
6 0
5 0
1 6
1 1
6 0
9 9
1 7
7 7
5 3
1 1
8 8
3 3
7 7
7 5
1 1
8 2
9 3
7 7
5 7
3 3
7 9
3 3
7 7
7 7
4 4
3 3
5 0
7 7
6 2
7 7
5 5
9 9
5 0
9 9
6 6
4 4
4 4
3 0
4 9
7 7
8 8
8 8
5 5
1 1
1 1
5 5
6 5
1 1
3 3
6 6
9 3
1 1
4 4
5 5
5 0
9 9
5 5
8 8
4 4
3 3
8 8
3 9
6 6
4 4
8 3
3 6
4 4
5 5
8 8
5 5
5 0
8 0
6 6
1 7
4 4
6 6
8 8
5 5
9 3
4 4
6 4
4 0
5 0
9 9
1 1
7 7
9 9
7 7
3 2
8 8
3 7
5 0
4 9
8 2
1 1
8 8
6 2
4 4
5 5
6 2
1 1
8 2
7 7
5 5
6 2
9 9
8 8
5 5
5 7
9 9
4 0
7 7
1 1
4 4
7 9
7 7
8 6
5 3
4 4
1 1
9 9
6 2
3 2
3 0
1 1
3 2
3 2
5 0
3 3
1 1
7 7
5 5
4 0
4 4
3 2
7 7
1 1
9 9
3 3
4 0
1 1
6 6
7 2
5 2
5 5
1 1
8 8
3 3
1 1
4 4
6 6
6 2
8 8
6 6
5 5
3 2
8 6
4 4
6 0
5 8
3 8
3 8
9 9
3 3
4 4
6 0
9 9
7 7
3 2
5 9
3 0
8 8
1 1
5 0
3 2
9 9
3 3
8 8
4 4
8 8
5 5
5 0
8 8
3 7
9 9
6 2
5 0
5 5
1 1
5 0
6 2
9 9
3 3
5 2
4 4
8 8
5 5
1 1
6 6
8 8
7 7
3 3
8 8
6 6
7 9
9 9
3 0
3 3
1 1
9 9
3 2
4 4
3 3
5 0
4 4
6 2
5 5
5 5
8 8
7 1
5 5
5 5
6 2
8 2
1 1
9 9
7 7
5 6
4 2
1 1
9 4
3 6
1 1
6 0
4 4
6 6
1 1
6 6
4 4
5 5
9 9
6 6
6 6
8 8
8 8
6 6
4 4
1 1
5 5
5 5
3 3
8 8
7 7
4 4
8 8
1 1
4 4
6 6
3 3
6 6
3 3
7 7
5 5
4 4
3 0
6 6
6 6
7 7
1 1
6 6
6 6
5 5
8 8
8 8
7 7
5 0
3 0
8 0
1 1
3 1
5 5
8 8
6 6
4 4
3 0
5 0
3 8
5 2
5 5
6 2
5 0
3 3
6 6
1 1
1 1
7 7
5 5
3 5
8 8
1 1
4 4
5 0
7 7
4 4
6 6
3 3
7 9
8 8
1 1
5 5
9 9
5 7
7 7
6 6
1 1
7 7
3 2
6 6
3 3
3 3
4 4
3 2
5 5
3 2
5 5
1 1
3 3
9 3
7 7
1 1
3 3
5 0
1 1
9 9
8 8
3 3
3 2
5 5
3 2
8 8
3 3
4 4
3 2
5 0
7 7
3 9
4 4
7 2
9 9
8 8
7 9
4 4
3 2
7 7
8 8
7 7
1 1
9 9
8 8
4 4
3 3
3 8
8 8
8 2
3 3
3 5
6 6
7 2
7 7
4 2
3 0
9 9
4 4
3 3
6 0
5 3
8 0
7 7
1 1
7 7
5 2
6 5
3 3
8 2
4 4
8 8
5 5
8 8
6 6
7 7
7 7
6 2
8 8
9 9
8 9
5 2
6 0
3 0
1 1
9 9
6 2
9 9
3 3
7 2
6 4
9 9
5 5
7 7
6 6
8 8
7 7
5 5
8 8
5 5
4 9
5 5
6 0
3 3
1 1
1 1
6 2
3 0
3 3
6 6
9 4
5 5
3 5
6 6
6 6
5 5
7 7
9 9
8 8
5 5
8 9
1 1
1 1
8 8
8 8
7 7
6 6
7 7
7 7
7 7
1 1
9 9
1 1
5 5
9 4
3 2
3 3
5 0
7 7
9 9
9 9
4 0
3 3
6 6
6 6
5 2
6 0
3 2
3 3
9 9
6 6
6 6
4 4
5 0
8 8
7 7
6 6
3 3
3 0
3 2
1 1
6 0
1 1
1 1
5 5
9 9
9 9
3 3
9 4
6 6
3 3
1 1
5 0
6 2
8 4
1 1
6 6
4 4
9 9
7 4
1 1
5 5
7 7
1 1
9 9
5 0
5 5
9 9
1 1
6 6
1 1
4 4
9 9
3 8
8 8
5 0
6 6
1 1
6 6
6 6
9 9
7 7
8 8
6 6
8 8
7 7
8 8
7 7
6 2
5 0
7 7
5 7
4 4
6 6
5 5
9 9
8 8
7 7
3 3
8 8
5 5
6 6
9 4
6 6
7 7
3 3
6 6
7 7
5 5
4 9
6 2
5 2
6 2
8 8
6 2
8 8
7 7
5 5
7 7
3 3
1 1
8 9
5 0
7 7
1 1
6 6
6 2
1 1
3 3
4 4
4 4
1 1
5 5
7 7
6 6
3 3
7 7
5 0
8 8
5 5
9 9
1 1
5 0
4 0
1 1
6 6
6 2
6 6
3 3
3 3
4 4
6 6
5 5
3 3
6 6
7 7
7 7
5 0
8 8
3 3
9 9
4 4
5 0
3 3
1 1
1 1
6 2
5 5
3 3
1 1
4 4
5 0
5 5
3 3
6 6
5 2
7 7
3 3
8 8
5 2
9 9
5 0
3 3
8 8
6 2
7 7
9 9
5 0
3 3
3 3
8 2
7 7
1 1
4 4
4 4
5 3
5 5
7 7
5 5
4 2
6 2
8 8
3 3
7 0
5 2
9 7
1 1
7 7
3 3
8 8
9 9
4 4
7 7
Correct Answer = 709
Success Rate: 0.709
