10000
building networks
Random Limit : 10
9999
finished a network
output error = [0.10664368]
9999
finished a network
output error = [0.10232789]
9999
finished a network
output error = [0.11496586]
9999
finished a network
output error = [0.12730184]
9999
finished a network
output error = [0.18739963]
9999
finished a network
output error = [0.14728639]
9999
finished a network
output error = [0.11608483]
9999
finished a network
output error = [0.16117159]
9999
finished a network
output error = [0.26836161]
9999
finished a network
output error = [0.12974165]
9999
finished a network
output error = [0.1191951]
9999
finished a network
output error = [0.18352809]
9999
finished a network
output error = [0.18195267]
9999
finished a network
output error = [0.1056339]
9999
finished a network
output error = [0.10533195]
9999
finished a network
output error = [0.10888262]
9999
finished a network
output error = [0.12346062]
9999
finished a network
output error = [0.17451346]
9999
finished a network
output error = [0.09781693]
9999
finished a network
output error = [0.18478928]
Couldn't find anything
[0.09781693] [0.14231948] 10
Start Deep Training
9999
19999
29999
39999
49999
Square error = [0.07565737]
9999
19999
29999
39999
49999
Square error = [0.06632977]
9999
19999
29999
39999
49999
Square error = [0.06274061]
9999
19999
29999
39999
49999
Square error = [0.05941567]
9999
19999
29999
39999
49999
Square error = [0.05464279]
9999
19999
29999
39999
49999
Square error = [0.05256603]
9999
19999
29999
39999
49999
Square error = [0.0513848]
9999
19999
29999
39999
49999
Square error = [0.04580582]
9999
19999
29999
39999
49999
Square error = [0.04335226]
9999
19999
29999
39999
49999
Square error = [0.04237587]
9999
19999
29999
39999
49999
Square error = [0.04162143]
9999
19999
29999
39999
49999
Square error = [0.04101035]
9999
19999
29999
39999
49999
Square error = [0.04046225]
9999
19999
29999
39999
49999
Square error = [0.0400681]
9999
19999
29999
39999
49999
Square error = [0.03965457]
9999
19999
29999
39999
49999
Square error = [0.03720622]
9999
19999
29999
39999
49999
Square error = [0.03372919]
9999
19999
29999
39999
49999
Square error = [0.03261763]
9999
19999
29999
39999
49999
Square error = [0.03195788]
9999
19999
29999
39999
49999
Square error = [0.03142334]
9999
19999
29999
39999
49999
Square error = [0.03095263]
9999
19999
29999
39999
49999
Square error = [0.03059664]
9999
19999
29999
39999
49999
Square error = [0.03032928]
9999
19999
29999
39999
49999
Square error = [0.03002491]
9999
19999
29999
39999
49999
Square error = [0.02978761]
9999
19999
29999
39999
49999
Square error = [0.02955008]
9999
19999
29999
39999
49999
Square error = [0.0293434]
9999
19999
29999
39999
49999
Square error = [0.02918173]
9999
19999
29999
39999
49999
Square error = [0.02896238]
9999
19999
29999
39999
49999
Square error = [0.02884398]
9999
19999
29999
39999
49999
Square error = [0.02869381]
9999
19999
29999
39999
49999
Square error = [0.02854517]
9999
19999
29999
39999
49999
Square error = [0.02839588]
9999
19999
29999
39999
49999
Square error = [0.0282721]
9999
19999
29999
39999
49999
Square error = [0.02817878]
9999
19999
29999
39999
49999
Square error = [0.02803321]
9999
19999
29999
39999
49999
Square error = [0.02794153]
9999
19999
29999
39999
49999
Square error = [0.02789204]
9999
19999
29999
39999
49999
Square error = [0.02777267]
9999
19999
29999
39999
49999
Square error = [0.02764366]
9999
19999
29999
39999
49999
Square error = [0.02755652]
9999
19999
29999
39999
49999
Square error = [0.0272778]
9999
19999
29999
39999
49999
Square error = [0.02328323]
9999
19999
29999
39999
49999
Square error = [0.02210588]
9999
19999
29999
39999
49999
Square error = [0.02167085]
9999
19999
29999
39999
49999
Square error = [0.02143269]
9999
19999
29999
39999
49999
Square error = [0.02121541]
9999
19999
29999
39999
49999
Square error = [0.02102446]
9999
19999
29999
39999
49999
Square error = [0.02086531]
9999
19999
29999
39999
49999
Square error = [0.02069737]
Start Validation Tests
3 3
8 8
6 6
4 9
6 6
5 4
5 5
5 3
8 8
5 4
5 5
2 2
3 3
8 8
4 4
8 8
1 1
5 5
0 0
5 5
7 9
7 7
4 4
1 1
0 0
5 3
0 0
6 6
2 2
7 9
7 9
4 4
1 1
5 3
6 6
8 8
0 0
7 7
7 7
6 6
8 8
7 9
0 0
3 3
8 8
3 3
2 7
7 7
8 8
4 4
4 4
1 1
2 2
2 9
8 8
1 1
1 1
0 0
6 6
6 6
5 5
0 0
1 1
1 1
7 7
1 2
7 7
3 3
1 1
4 4
0 0
5 5
0 0
6 6
8 8
7 7
6 6
8 8
5 9
4 9
4 4
0 0
2 6
1 1
2 9
2 2
1 6
8 3
7 9
4 4
4 4
8 5
6 6
6 6
1 1
7 7
2 2
8 8
6 6
5 9
7 7
0 0
5 9
1 1
6 6
2 2
8 8
3 3
6 6
4 4
8 9
5 5
8 8
6 6
8 8
7 7
3 8
8 8
6 6
8 9
4 1
7 7
6 6
0 0
8 9
6 6
7 7
0 0
8 9
7 7
1 1
3 3
6 6
8 8
4 4
6 6
1 1
7 7
5 5
1 1
3 3
3 3
5 5
7 7
4 9
8 9
6 6
7 7
3 3
4 4
1 1
0 0
4 4
2 2
4 4
3 5
0 0
0 0
1 1
6 6
6 6
4 4
2 7
4 9
4 4
6 6
5 5
2 2
6 6
4 9
8 8
8 8
8 8
5 5
5 9
3 3
8 8
4 9
8 8
8 8
8 8
3 3
4 4
4 4
3 3
0 0
4 9
5 5
4 4
4 4
1 1
8 8
0 0
6 6
1 1
3 3
3 2
0 0
8 8
6 6
0 0
3 3
5 5
4 4
8 9
0 0
5 3
1 1
0 0
8 9
3 3
2 2
8 3
3 3
3 3
7 7
4 4
4 9
2 2
1 1
6 6
2 2
1 1
8 5
7 7
1 1
7 9
7 7
0 9
7 2
2 2
8 8
1 1
7 7
7 7
0 0
8 0
1 1
8 8
0 9
0 0
6 6
6 6
4 4
7 7
4 9
7 8
2 2
2 9
1 1
5 5
2 2
5 5
3 3
7 7
7 7
0 0
0 0
8 8
2 2
3 3
1 1
3 3
5 5
1 1
3 3
6 6
4 4
8 8
7 7
6 6
1 2
5 8
1 1
3 8
6 6
5 6
8 8
7 7
4 5
6 6
0 0
4 4
8 8
4 4
5 9
3 3
2 2
3 3
6 6
2 2
0 0
1 1
1 1
6 6
2 2
5 5
5 3
0 0
4 4
3 3
5 5
2 8
6 6
4 9
7 7
3 8
8 8
0 3
3 9
0 0
0 0
3 3
1 1
4 4
2 2
8 5
3 3
7 9
4 4
5 5
5 5
5 5
6 6
0 0
7 7
1 1
8 8
0 0
7 9
3 3
0 0
5 5
1 1
2 2
2 2
3 3
5 3
1 1
4 4
2 3
5 5
8 8
6 6
0 0
7 7
8 8
8 8
2 2
5 9
1 1
7 7
5 5
0 0
0 0
1 6
1 1
0 0
4 9
7 7
7 7
5 3
1 1
8 8
3 3
7 7
5 5
1 1
2 2
8 3
7 7
0 7
3 3
7 9
3 3
7 7
7 7
4 4
3 3
0 0
7 7
2 2
7 7
5 5
7 9
0 0
8 9
6 6
4 4
8 4
0 0
4 9
7 7
8 8
8 8
3 5
1 1
1 1
5 5
5 5
1 1
3 3
6 6
4 3
1 1
4 4
5 5
0 0
5 9
5 5
8 8
4 4
3 3
8 8
3 9
0 6
4 4
5 3
6 6
4 4
5 5
8 8
5 5
0 0
0 0
6 6
2 7
4 4
6 6
8 8
5 5
8 3
4 4
4 4
0 0
0 0
5 9
1 1
7 7
8 9
7 7
2 2
8 8
0 7
0 0
2 9
2 2
1 1
8 8
2 2
4 4
5 5
2 2
1 1
8 2
7 7
5 5
2 2
2 9
8 8
5 5
5 7
8 9
0 0
7 7
1 1
4 4
5 9
7 7
6 6
5 3
8 4
1 1
7 9
2 2
2 2
0 0
1 1
2 2
2 2
0 0
3 3
1 1
7 7
8 5
0 0
4 4
2 2
7 7
1 1
7 9
3 3
0 0
1 1
6 6
2 2
2 2
5 5
1 1
8 8
5 3
1 1
4 4
6 6
2 2
5 8
6 6
5 5
2 2
6 6
4 4
0 0
8 8
8 8
3 8
5 9
3 3
4 4
0 0
4 9
7 7
2 2
7 9
0 0
8 8
1 1
0 0
2 2
7 9
3 3
8 8
4 4
8 8
5 5
0 0
1 8
7 7
7 9
8 2
0 0
5 5
1 1
0 0
2 2
2 9
3 3
2 2
4 4
8 8
5 5
1 1
6 6
8 8
7 7
3 3
8 8
6 6
7 9
4 9
0 0
5 3
1 1
4 9
2 2
6 4
3 3
0 0
4 4
2 2
5 5
5 5
3 8
3 1
5 5
6 5
2 2
2 2
1 1
8 9
7 7
6 6
2 2
1 1
4 4
2 6
1 1
0 0
4 4
6 6
1 1
6 6
4 4
5 5
7 9
6 6
6 6
8 8
8 8
6 6
4 4
1 1
5 5
5 5
3 3
8 8
3 7
5 4
8 8
1 1
4 4
6 6
3 3
6 6
3 3
7 7
5 5
4 4
0 0
5 6
6 6
7 7
1 1
6 6
6 6
5 5
3 8
8 8
7 7
0 0
0 0
0 0
1 1
2 1
5 5
8 8
6 6
4 4
0 0
0 0
7 8
2 2
5 5
2 2
0 0
5 3
6 6
1 1
1 1
7 7
5 5
5 5
8 8
1 1
4 4
0 0
7 7
4 4
6 6
3 3
7 9
8 8
1 1
5 5
7 9
7 7
7 7
6 6
1 1
7 7
2 2
6 6
3 3
3 3
4 4
2 2
5 5
2 2
5 5
1 1
3 3
3 3
7 7
1 1
3 3
0 0
1 1
8 9
8 8
3 3
2 2
5 5
2 2
8 8
3 3
4 4
2 2
0 0
7 7
7 9
4 4
1 2
7 9
8 8
7 9
4 4
2 2
7 7
8 8
7 7
1 1
5 9
8 8
4 4
3 3
3 8
8 8
2 2
3 3
7 5
6 6
2 2
7 7
2 2
0 0
8 9
4 4
3 3
0 0
5 3
0 0
7 7
1 1
7 7
2 2
5 5
3 3
2 2
4 4
8 8
5 5
8 8
6 6
7 7
7 7
2 2
8 8
8 9
8 9
2 2
0 0
0 0
1 1
5 9
2 2
7 9
5 3
7 2
4 4
8 9
5 5
7 7
6 6
8 8
7 7
5 5
8 8
5 5
8 9
5 5
0 0
3 3
1 1
1 1
2 2
0 0
3 3
6 6
8 4
5 5
5 5
6 6
6 6
5 5
7 7
2 9
8 8
5 5
7 9
1 1
1 1
8 8
8 8
7 7
6 6
7 7
7 7
7 7
1 1
2 9
1 1
5 5
4 4
2 2
3 3
0 0
7 7
2 9
8 9
0 0
3 3
6 6
6 6
2 2
0 0
3 2
3 3
2 9
6 6
6 6
8 4
0 0
8 8
7 7
6 6
3 3
0 0
2 2
1 1
0 0
1 1
1 1
5 5
7 9
5 9
3 3
4 4
2 6
2 3
1 1
0 0
2 2
8 4
1 1
6 6
4 4
7 9
4 4
1 1
5 5
7 7
1 1
7 9
0 0
5 5
5 9
1 1
6 6
1 1
5 4
5 9
8 8
8 8
0 0
6 6
1 1
6 6
6 6
7 9
7 7
8 8
6 6
8 8
7 7
8 8
7 7
2 2
0 0
3 7
0 7
4 4
6 6
3 5
4 9
3 8
7 7
3 3
8 8
5 5
6 6
4 4
6 6
7 7
3 3
6 6
7 7
5 5
4 9
2 2
2 2
2 2
8 8
2 2
8 8
7 7
7 5
7 7
3 3
2 1
5 9
0 0
3 7
1 1
2 6
2 2
1 1
3 3
4 4
4 4
1 1
6 5
7 7
6 6
3 3
7 7
0 0
8 8
5 5
2 9
1 1
0 0
5 0
1 1
6 6
2 2
6 6
3 3
5 3
4 4
6 6
5 5
3 3
6 6
7 7
7 7
0 0
8 8
3 3
5 9
4 4
0 0
3 3
1 1
1 1
2 2
5 5
3 3
1 1
4 4
0 0
5 5
3 3
6 6
2 2
7 7
3 3
8 8
2 2
8 9
0 0
3 3
8 8
2 2
7 7
2 9
0 0
3 3
2 3
2 2
7 7
1 1
4 4
8 4
3 3
5 5
7 7
5 5
2 2
2 2
8 8
3 3
0 0
2 2
7 7
1 1
7 7
3 3
8 8
4 9
4 4
7 7
Correct Answer = 807
Success Rate: 0.807
10000
building networks
Random Limit : 10
9999
finished a network
output error = [0.11543216]
9999
finished a network
output error = [0.12144519]
9999
finished a network
output error = [0.10914968]
9999
finished a network
output error = [0.14748366]
9999
finished a network
output error = [0.182728]
9999
finished a network
output error = [0.19355529]
9999
finished a network
output error = [0.11156371]
9999
finished a network
output error = [0.10158826]
9999
finished a network
output error = [0.18429304]
9999
finished a network
output error = [0.17174627]
9999
finished a network
output error = [0.18031751]
9999
finished a network
output error = [0.13807694]
9999
finished a network
output error = [0.10155205]
9999
finished a network
output error = [0.1184916]
9999
finished a network
output error = [0.21696232]
9999
finished a network
output error = [0.11470852]
9999
finished a network
output error = [0.20990842]
9999
finished a network
output error = [0.1107065]
9999
finished a network
output error = [0.16486211]
9999
finished a network
output error = [0.10419724]
Couldn't find anything
[0.10155205] [0.14493842] 10
Start Deep Training
9999
19999
29999
39999
49999
Square error = [0.09143206]
9999
19999
29999
39999
49999
Square error = [0.08749613]
9999
19999
29999
39999
49999
Square error = [0.08335684]
9999
19999
29999
39999
49999
Square error = [0.08014046]
9999
19999
29999
39999
49999
Square error = [0.07867215]
9999
19999
29999
39999
49999
Square error = [0.07777644]
9999
19999
29999
39999
49999
Square error = [0.0771528]
9999
19999
29999
39999
49999
Square error = [0.07665306]
9999
19999
29999
39999
49999
Square error = [0.07535723]
9999
19999
29999
39999
49999
Square error = [0.07236424]
9999
19999
29999
39999
49999
Square error = [0.07080817]
9999
19999
29999
39999
49999
Square error = [0.06790061]
9999
19999
29999
39999
49999
Square error = [0.06464788]
9999
19999
29999
39999
49999
Square error = [0.06279355]
9999
19999
29999
39999
49999
Square error = [0.06178484]
9999
19999
29999
39999
49999
Square error = [0.06106088]
9999
19999
29999
39999
49999
Square error = [0.06054702]
9999
19999
29999
39999
49999
Square error = [0.0600842]
9999
19999
29999
39999
49999
Square error = [0.05969813]
9999
19999
29999
39999
49999
Square error = [0.05937975]
9999
19999
29999
39999
49999
Square error = [0.05914459]
9999
19999
29999
39999
49999
Square error = [0.05879379]
9999
19999
29999
39999
49999
Square error = [0.05863339]
9999
19999
29999
39999
49999
Square error = [0.0584554]
9999
19999
29999
39999
49999
Square error = [0.05819854]
9999
19999
29999
39999
49999
Square error = [0.05805689]
9999
19999
29999
39999
49999
Square error = [0.05786314]
9999
19999
29999
39999
49999
Square error = [0.0577256]
9999
19999
29999
39999
49999
Square error = [0.05759855]
9999
19999
29999
39999
49999
Square error = [0.05746029]
9999
19999
29999
39999
49999
Square error = [0.05732404]
9999
19999
29999
39999
49999
Square error = [0.05716428]
9999
19999
29999
39999
49999
Square error = [0.05706128]
9999
19999
29999
39999
49999
Square error = [0.05697238]
9999
19999
29999
39999
49999
Square error = [0.05686957]
9999
19999
29999
39999
49999
Square error = [0.05676175]
9999
19999
29999
39999
49999
Square error = [0.05662538]
9999
19999
29999
39999
49999
Square error = [0.05660135]
9999
19999
29999
39999
49999
Square error = [0.05649289]
9999
19999
29999
39999
49999
Square error = [0.05646026]
9999
19999
29999
39999
49999
Square error = [0.05637855]
9999
19999
29999
39999
49999
Square error = [0.05629904]
9999
19999
29999
39999
49999
Square error = [0.05625652]
9999
19999
29999
39999
49999
Square error = [0.05616704]
9999
19999
29999
39999
49999
Square error = [0.05609825]
9999
19999
29999
39999
49999
Square error = [0.05606829]
9999
19999
29999
39999
49999
Square error = [0.05600698]
9999
19999
29999
39999
49999
Square error = [0.0559355]
9999
19999
29999
39999
49999
Square error = [0.05588912]
9999
19999
29999
39999
49999
Square error = [0.05586575]
Start Validation Tests
3 3
3 8
9 6
9 9
2 6
4 4
4 5
3 3
2 8
4 4
9 5
2 2
3 3
3 8
9 4
3 8
3 1
9 5
9 0
3 5
9 9
7 7
4 4
3 1
9 0
3 3
9 0
4 6
2 2
9 9
9 9
4 4
3 1
3 3
9 6
3 8
2 0
7 7
7 7
4 6
4 8
9 9
1 0
3 3
2 8
3 3
2 7
7 7
3 8
4 4
4 4
2 1
2 2
9 9
9 8
2 1
3 1
2 0
9 6
2 6
9 5
9 0
3 1
2 1
7 7
2 2
7 7
3 3
2 1
4 4
9 0
3 5
9 0
2 6
3 8
7 7
9 6
9 8
3 9
9 9
4 4
3 0
4 6
3 1
9 9
2 2
2 6
3 3
7 9
4 4
3 4
4 5
9 6
2 6
3 1
7 7
2 2
4 8
9 6
4 9
7 7
1 0
9 9
2 1
4 6
2 2
4 8
3 3
4 6
4 4
9 9
9 5
9 8
2 6
2 8
7 7
2 8
4 8
2 6
9 9
4 1
7 7
9 6
9 0
7 9
2 6
7 7
9 0
9 9
7 7
3 1
3 3
2 6
3 8
4 4
2 6
3 1
7 7
9 5
7 1
3 3
3 3
7 5
7 7
9 9
9 9
9 6
7 7
3 3
4 4
7 1
2 0
4 4
2 2
4 4
3 5
2 0
7 0
3 1
3 6
9 6
4 4
3 7
9 9
4 4
2 6
3 5
2 2
9 6
9 9
2 8
3 8
2 8
3 5
9 9
3 3
3 8
4 9
3 8
2 8
7 8
3 3
4 4
4 4
3 3
2 0
4 9
9 5
4 4
4 4
3 1
2 8
9 0
2 6
3 1
3 3
2 2
2 0
3 8
2 6
2 0
3 3
9 5
4 4
9 9
2 0
3 3
3 1
7 0
9 9
3 3
2 2
4 3
3 3
3 3
7 7
4 4
9 9
2 2
2 1
4 6
2 2
3 1
9 5
9 7
7 1
9 9
7 7
9 9
7 2
2 2
7 8
7 1
4 7
7 7
2 0
2 0
3 1
3 8
2 9
2 0
2 6
4 6
4 4
7 7
9 9
3 8
2 2
9 9
7 1
4 5
2 2
4 5
3 3
7 7
7 7
3 0
7 0
3 8
2 2
3 3
3 1
3 3
3 5
2 1
3 3
2 6
4 4
9 8
7 7
0 6
2 2
9 8
3 1
3 8
9 6
4 6
3 8
7 7
9 5
4 6
9 0
4 4
9 8
4 4
9 9
3 3
2 2
3 3
9 6
2 2
9 0
7 1
2 1
4 6
2 2
9 5
3 3
9 0
4 4
3 3
3 5
3 8
9 6
9 9
7 7
3 8
2 8
3 3
9 9
9 0
2 0
3 3
2 1
4 4
2 2
9 5
3 3
9 9
4 4
7 5
4 5
3 5
2 6
9 0
7 7
3 1
4 8
2 0
7 9
3 3
3 0
9 5
3 1
2 2
2 2
3 3
3 3
2 1
4 4
2 3
7 5
2 8
3 6
9 0
7 7
3 8
3 8
4 2
9 9
3 1
7 7
7 5
3 0
2 0
4 6
3 1
2 0
9 9
2 7
7 7
3 3
3 1
3 8
3 3
7 7
2 5
3 1
2 2
9 3
7 7
7 7
3 3
9 9
3 3
7 7
7 7
4 4
3 3
1 0
7 7
2 2
7 7
3 5
9 9
7 0
9 9
4 6
4 4
4 4
2 0
4 9
7 7
7 8
3 8
2 5
2 1
3 1
9 5
3 5
2 1
3 3
4 6
9 3
3 1
4 4
3 5
1 0
9 9
7 5
9 8
4 4
3 3
2 8
3 9
4 6
4 4
3 3
4 6
4 4
3 5
3 8
9 5
1 0
9 0
2 6
2 7
4 4
4 6
2 8
9 5
9 3
4 4
4 4
4 0
7 0
9 9
7 1
7 7
9 9
7 7
2 2
3 8
7 7
9 0
9 9
2 2
2 1
3 8
2 2
4 4
3 5
2 2
7 1
2 2
7 7
7 5
2 2
9 9
2 8
3 5
9 7
9 9
2 0
7 7
2 1
4 4
9 9
7 7
2 6
3 3
4 4
3 1
9 9
2 2
2 2
2 0
2 1
2 2
2 2
2 0
3 3
7 1
7 7
9 5
3 0
4 4
2 2
7 7
7 1
9 9
3 3
7 0
2 1
2 6
2 2
2 2
2 5
2 1
9 8
3 3
2 1
4 4
9 6
2 2
3 8
9 6
7 5
2 2
3 6
4 4
4 0
3 8
3 8
3 8
9 9
3 3
4 4
9 0
9 9
7 7
2 2
7 9
9 0
3 8
3 1
2 0
2 2
9 9
3 3
3 8
4 4
3 8
4 5
9 0
3 8
7 7
7 9
2 2
9 0
3 5
3 1
1 0
2 2
4 9
3 3
2 2
4 4
9 8
9 5
7 1
4 6
9 8
7 7
3 3
9 8
2 6
7 9
9 9
9 0
3 3
3 1
4 9
2 2
4 4
3 3
9 0
4 4
2 2
9 5
9 5
9 8
7 1
3 5
4 5
2 2
2 2
3 1
9 9
7 7
9 6
2 2
3 1
4 4
2 6
3 1
1 0
4 4
2 6
3 1
3 6
4 4
4 5
9 9
3 6
4 6
9 8
2 8
4 6
4 4
3 1
9 5
9 5
3 3
2 8
3 7
4 4
7 8
3 1
4 4
9 6
3 3
2 6
3 3
7 7
3 5
4 4
9 0
2 6
9 6
7 7
3 1
4 6
9 6
9 5
9 8
3 8
7 7
9 0
7 0
2 0
3 1
7 1
9 5
4 8
4 6
4 4
9 0
9 0
9 8
2 2
9 5
2 2
9 0
3 3
4 6
3 1
3 1
4 7
1 5
3 5
3 8
7 1
4 4
1 0
7 7
4 4
4 6
3 3
7 9
3 8
3 1
9 5
9 9
9 7
7 7
4 6
3 1
7 7
2 2
2 6
3 3
3 3
4 4
2 2
4 5
2 2
3 5
3 1
3 3
3 3
7 7
3 1
3 3
9 0
3 1
9 9
9 8
3 3
2 2
9 5
2 2
3 8
3 3
4 4
2 2
7 0
7 7
9 9
4 4
7 2
9 9
3 8
9 9
4 4
2 2
7 7
2 8
7 7
3 1
9 9
4 8
4 4
3 3
3 8
3 8
7 2
3 3
7 5
4 6
2 2
7 7
2 2
9 0
9 9
4 4
3 3
9 0
3 3
1 0
7 7
3 1
7 7
2 2
4 5
3 3
2 2
4 4
9 8
3 5
9 8
4 6
7 7
3 7
2 2
9 8
9 9
9 9
2 2
7 0
3 0
3 1
7 9
2 2
9 9
3 3
7 2
4 4
9 9
3 5
7 7
4 6
9 8
7 7
7 5
3 8
4 5
4 9
9 5
2 0
3 3
1 1
7 1
2 2
2 0
3 3
4 6
4 4
3 5
3 5
9 6
9 6
9 5
7 7
9 9
9 8
3 5
9 9
3 1
2 1
3 8
3 8
7 7
4 6
7 7
7 7
3 7
2 1
9 9
3 1
9 5
4 4
3 2
3 3
7 0
7 7
9 9
9 9
9 0
3 3
4 6
2 6
2 2
9 0
4 2
3 3
9 9
4 6
9 6
4 4
2 0
9 8
7 7
2 6
3 3
9 0
3 2
2 1
3 0
2 1
3 1
3 5
9 9
9 9
3 3
4 4
2 6
2 3
3 1
2 0
2 2
3 4
3 1
4 6
4 4
9 9
4 4
2 1
2 5
7 7
3 1
9 9
9 0
3 5
9 9
3 1
2 6
7 1
4 4
9 9
7 8
3 8
9 0
2 6
3 1
2 6
2 6
9 9
7 7
9 8
4 6
3 8
7 7
9 8
7 7
2 2
2 0
7 7
7 7
4 4
2 6
3 5
9 9
3 8
7 7
3 3
9 8
3 5
4 6
4 4
9 6
7 7
3 3
2 6
7 7
3 5
4 9
2 2
2 2
2 2
3 8
2 2
2 8
7 7
2 5
3 7
3 3
7 1
9 9
3 0
3 7
2 1
4 6
2 2
3 1
3 3
4 4
4 4
3 1
4 5
7 7
4 6
3 3
7 7
9 0
2 8
2 5
9 9
3 1
9 0
4 0
2 1
4 6
2 2
9 6
3 3
3 3
4 4
4 6
3 5
3 3
4 6
9 7
7 7
3 0
3 8
3 3
9 9
4 4
7 0
3 3
7 1
2 1
2 2
9 5
3 3
3 1
4 4
2 0
2 5
3 3
4 6
2 2
7 7
3 3
3 8
2 2
9 9
4 0
3 3
2 8
2 2
7 7
9 9
2 0
3 3
3 3
2 2
7 7
3 1
4 4
4 4
3 3
9 5
7 7
3 5
2 2
2 2
3 8
3 3
9 0
2 2
2 7
7 1
7 7
3 3
3 8
9 9
4 4
7 7
Correct Answer = 440
Success Rate: 0.44
