10000
building networks
Random Limit : 10
9999
finished a network
output error = [0.23284723]
9999
finished a network
output error = [0.25888487]
9999
finished a network
output error = [0.15945614]
9999
finished a network
output error = [0.1495209]
9999
finished a network
output error = [0.35563345]
9999
finished a network
output error = [0.16366028]
9999
finished a network
output error = [0.24668534]
9999
finished a network
output error = [0.34776849]
9999
finished a network
output error = [0.33610692]
9999
finished a network
output error = [0.21155284]
9999
finished a network
output error = [0.23049182]
9999
finished a network
output error = [0.30775466]
9999
finished a network
output error = [0.21381909]
9999
finished a network
output error = [0.31896614]
9999
finished a network
output error = [0.11822665]
9999
finished a network
output error = [0.21243077]
9999
finished a network
output error = [0.21021189]
9999
finished a network
output error = [0.28614723]
9999
finished a network
output error = [0.1685149]
9999
finished a network
output error = [0.16633461]
Couldn't find anything
[0.11822665] [0.23475071] 10
Start Deep Training
9999
19999
29999
39999
49999
Square error = [0.09671506]
9999
19999
29999
39999
49999
Square error = [0.07826939]
9999
19999
29999
39999
49999
Square error = [0.06816643]
9999
19999
29999
39999
49999
Square error = [0.0629349]
9999
19999
29999
39999
49999
Square error = [0.05821059]
9999
19999
29999
39999
49999
Square error = [0.05418596]
9999
19999
29999
39999
49999
Square error = [0.05118548]
9999
19999
29999
39999
49999
Square error = [0.0492391]
9999
19999
29999
39999
49999
Square error = [0.04788909]
9999
19999
29999
39999
49999
Square error = [0.04682621]
9999
19999
29999
39999
49999
Square error = [0.04591208]
9999
19999
29999
39999
49999
Square error = [0.04518145]
9999
19999
29999
39999
49999
Square error = [0.04462251]
9999
19999
29999
39999
49999
Square error = [0.04404785]
9999
19999
29999
39999
49999
Square error = [0.04363687]
9999
19999
29999
39999
49999
Square error = [0.04322731]
9999
19999
29999
39999
49999
Square error = [0.04281972]
9999
19999
29999
39999
49999
Square error = [0.04257161]
9999
19999
29999
39999
49999
Square error = [0.04229991]
9999
19999
29999
39999
49999
Square error = [0.04205616]
9999
19999
29999
39999
49999
Square error = [0.04183321]
9999
19999
29999
39999
49999
Square error = [0.04162624]
9999
19999
29999
39999
49999
Square error = [0.04142386]
9999
19999
29999
39999
49999
Square error = [0.04120953]
9999
19999
29999
39999
49999
Square error = [0.04102111]
9999
19999
29999
39999
49999
Square error = [0.04085431]
9999
19999
29999
39999
49999
Square error = [0.04071207]
9999
19999
29999
39999
49999
Square error = [0.04054438]
9999
19999
29999
39999
49999
Square error = [0.04037024]
9999
19999
29999
39999
49999
Square error = [0.04020585]
9999
19999
29999
39999
49999
Square error = [0.04009776]
9999
19999
29999
39999
49999
Square error = [0.03993054]
9999
19999
29999
39999
49999
Square error = [0.03980998]
9999
19999
29999
39999
49999
Square error = [0.03887548]
9999
19999
29999
39999
49999
Square error = [0.03518818]
9999
19999
29999
39999
49999
Square error = [0.03455894]
9999
19999
29999
39999
49999
Square error = [0.03406398]
9999
19999
29999
39999
49999
Square error = [0.03372409]
9999
19999
29999
39999
49999
Square error = [0.03353448]
9999
19999
29999
39999
49999
Square error = [0.03320781]
9999
19999
29999
39999
49999
Square error = [0.03298102]
9999
19999
29999
39999
49999
Square error = [0.03278628]
9999
19999
29999
39999
49999
Square error = [0.03255833]
9999
19999
29999
39999
49999
Square error = [0.03238601]
9999
19999
29999
39999
49999
Square error = [0.03223545]
9999
19999
29999
39999
49999
Square error = [0.03203975]
9999
19999
29999
39999
49999
Square error = [0.03183254]
9999
19999
29999
39999
49999
Square error = [0.03173999]
9999
19999
29999
39999
49999
Square error = [0.03157461]
9999
19999
29999
39999
49999
Square error = [0.03145086]
9999
19999
29999
39999
49999
Square error = [0.03134383]
9999
19999
29999
39999
49999
Square error = [0.03123388]
9999
19999
29999
39999
49999
Square error = [0.03108356]
9999
19999
29999
39999
49999
Square error = [0.03093939]
9999
19999
29999
39999
49999
Square error = [0.03089612]
9999
19999
29999
39999
49999
Square error = [0.03074228]
9999
19999
29999
39999
49999
Square error = [0.03067909]
9999
19999
29999
39999
49999
Square error = [0.03056813]
9999
19999
29999
39999
49999
Square error = [0.03049443]
9999
19999
29999
39999
49999
Square error = [0.03041298]
Start Validation Tests
2 3
8 8
6 6
9 9
6 6
4 4
5 5
5 3
8 8
4 4
5 5
2 2
8 3
8 8
4 4
8 8
2 1
5 5
0 0
5 5
9 9
7 7
4 4
5 1
0 0
2 3
0 0
6 6
2 2
9 9
9 9
4 4
8 1
5 3
6 6
8 8
0 0
7 7
7 7
6 6
8 8
9 9
0 0
5 3
8 8
2 3
2 7
7 7
8 8
6 4
4 4
5 1
2 2
9 9
2 8
5 1
9 1
0 0
6 6
6 6
5 5
0 0
8 1
2 1
7 7
2 2
7 7
8 3
7 1
4 4
0 0
5 5
0 0
6 6
8 8
7 7
6 6
8 8
8 9
4 9
4 4
0 0
0 6
8 1
9 9
2 2
2 6
8 3
7 9
4 4
4 4
8 5
6 6
6 6
7 1
7 7
2 2
8 8
6 6
9 9
7 7
0 0
9 9
8 1
6 6
2 2
8 8
8 3
6 6
4 4
9 9
5 5
8 8
6 6
5 8
7 7
5 8
8 8
6 6
9 9
4 1
7 7
6 6
0 0
9 9
6 6
7 7
0 0
9 9
7 7
2 1
2 3
6 6
8 8
4 4
6 6
8 1
7 7
5 5
7 1
2 3
8 3
5 5
7 7
9 9
9 9
6 6
7 7
2 3
6 4
9 1
0 0
4 4
2 2
4 4
5 5
0 0
0 0
2 1
6 6
6 6
4 4
2 7
9 9
4 4
6 6
5 5
2 2
6 6
9 9
8 8
8 8
8 8
5 5
9 9
8 3
8 8
4 9
5 8
8 8
8 8
8 3
4 4
4 4
5 3
0 0
9 9
5 5
4 4
4 4
5 1
8 8
0 0
6 6
5 1
2 3
2 2
0 0
8 8
6 6
0 0
8 3
0 5
4 4
9 9
0 0
5 3
8 1
0 0
9 9
8 3
2 2
8 3
2 3
5 3
7 7
4 4
9 9
2 2
2 1
6 6
2 2
5 1
5 5
7 7
8 1
9 9
7 7
0 9
2 2
2 2
8 8
7 1
4 7
7 7
0 0
6 0
7 1
8 8
0 9
0 0
6 6
6 6
4 4
7 7
9 9
9 8
2 2
9 9
9 1
5 5
2 2
5 5
2 3
7 7
7 7
0 0
0 0
8 8
2 2
2 3
2 1
2 3
5 5
9 1
8 3
6 6
4 4
8 8
7 7
6 6
2 2
5 8
9 1
8 8
6 6
6 6
8 8
7 7
5 5
6 6
0 0
4 4
8 8
4 4
9 9
2 3
2 2
5 3
6 6
2 2
0 0
9 1
5 1
6 6
2 2
5 5
5 3
0 0
4 4
2 3
5 5
8 8
6 6
9 9
7 7
8 8
8 8
0 3
9 9
0 0
0 0
5 3
2 1
4 4
2 2
5 5
5 3
9 9
4 4
7 5
5 5
5 5
6 6
0 0
7 7
9 1
4 8
0 0
7 9
8 3
0 0
0 5
2 1
2 2
2 2
6 3
2 3
8 1
4 4
2 3
5 5
5 8
6 6
0 0
7 7
2 8
8 8
4 2
9 9
2 1
7 7
5 5
0 0
0 0
8 6
5 1
0 0
9 9
2 7
7 7
8 3
7 1
8 8
5 3
7 7
5 5
2 1
2 2
8 3
7 7
0 7
2 3
7 9
2 3
7 7
7 7
4 4
2 3
0 0
7 7
2 2
7 7
0 5
9 9
0 0
9 9
6 6
4 4
4 4
0 0
4 9
7 7
8 8
8 8
5 5
0 1
2 1
5 5
5 5
2 1
8 3
6 6
9 3
9 1
4 4
5 5
0 0
9 9
5 5
5 8
4 4
6 3
8 8
8 9
6 6
4 4
8 3
6 6
4 4
5 5
8 8
5 5
0 0
0 0
6 6
8 7
4 4
6 6
8 8
5 5
9 3
4 4
5 4
0 0
0 0
9 9
2 1
7 7
9 9
7 7
2 2
8 8
7 7
0 0
9 9
8 2
2 1
8 8
2 2
4 4
5 5
2 2
2 1
2 2
7 7
5 5
2 2
9 9
5 8
5 5
5 7
7 9
0 0
7 7
8 1
4 4
9 9
7 7
6 6
5 3
4 4
2 1
8 9
2 2
2 2
0 0
2 1
2 2
2 2
0 0
5 3
2 1
7 7
5 5
0 0
4 4
2 2
7 7
2 1
9 9
8 3
0 0
2 1
6 6
2 2
2 2
5 5
2 1
8 8
8 3
2 1
4 4
6 6
2 2
8 8
6 6
5 5
2 2
6 6
4 4
0 0
8 8
8 8
2 8
9 9
2 3
4 4
0 0
9 9
9 7
2 2
7 9
0 0
8 8
7 1
0 0
2 2
9 9
2 3
8 8
4 4
8 8
5 5
0 0
8 8
7 7
7 9
2 2
0 0
5 5
5 1
0 0
2 2
9 9
2 3
2 2
4 4
8 8
5 5
2 1
6 6
8 8
7 7
8 3
8 8
4 6
9 9
9 9
0 0
5 3
9 1
9 9
2 2
4 4
8 3
0 0
9 4
2 2
5 5
5 5
8 8
7 1
5 5
6 5
2 2
2 2
8 1
9 9
7 7
6 6
2 2
8 1
4 4
0 6
7 1
0 0
4 4
6 6
9 1
6 6
4 4
5 5
9 9
6 6
6 6
8 8
8 8
6 6
4 4
7 1
5 5
5 5
4 3
8 8
7 7
4 4
8 8
2 1
4 4
6 6
2 3
6 6
2 3
7 7
5 5
4 4
0 0
0 6
6 6
7 7
8 1
6 6
6 6
5 5
8 8
8 8
7 7
0 0
0 0
0 0
9 1
5 1
5 5
8 8
6 6
4 4
0 0
0 0
7 8
2 2
5 5
2 2
0 0
7 3
6 6
7 1
9 1
8 7
5 5
5 5
8 8
5 1
4 4
0 0
7 7
4 4
6 6
2 3
9 9
8 8
7 1
5 5
9 9
7 7
7 7
6 6
7 1
7 7
2 2
6 6
2 3
2 3
4 4
2 2
5 5
2 2
5 5
5 1
2 3
5 3
7 7
2 1
2 3
0 0
9 1
9 9
8 8
8 3
2 2
9 5
2 2
8 8
4 3
4 4
0 2
0 0
7 7
5 9
4 4
7 2
9 9
8 8
9 9
4 4
2 2
7 7
8 8
7 7
8 1
9 9
8 8
4 4
2 3
5 8
8 8
8 2
2 3
8 5
6 6
2 2
7 7
2 2
0 0
9 9
4 4
2 3
0 0
5 3
0 0
7 7
7 1
7 7
2 2
5 5
5 3
2 2
4 4
8 8
5 5
8 8
6 6
7 7
7 7
2 2
8 8
9 9
8 9
2 2
0 0
0 0
8 1
7 9
2 2
9 9
7 3
7 2
4 4
9 9
5 5
7 7
6 6
8 8
7 7
5 5
8 8
5 5
9 9
8 5
0 0
2 3
5 1
9 1
2 2
0 0
2 3
6 6
9 4
5 5
5 5
6 6
6 6
5 5
7 7
9 9
8 8
5 5
8 9
8 1
2 1
8 8
8 8
7 7
6 6
7 7
7 7
7 7
5 1
9 9
5 1
5 5
4 4
2 2
2 3
0 0
7 7
9 9
9 9
0 0
2 3
6 6
6 6
2 2
0 0
8 2
2 3
9 9
6 6
6 6
4 4
0 0
8 8
7 7
6 6
5 3
0 0
2 2
5 1
0 0
5 1
2 1
5 5
9 9
9 9
2 3
8 4
6 6
0 3
8 1
0 0
2 2
8 4
8 1
6 6
4 4
9 9
4 4
7 1
5 5
7 7
7 1
9 9
0 0
5 5
9 9
5 1
6 6
7 1
4 4
9 9
8 8
8 8
0 0
6 6
9 1
6 6
6 6
9 9
7 7
8 8
6 6
8 8
7 7
8 8
7 7
2 2
0 0
7 7
7 7
8 4
6 6
5 5
9 9
8 8
7 7
2 3
8 8
5 5
6 6
4 4
6 6
7 7
2 3
6 6
7 7
5 5
9 9
2 2
0 2
2 2
8 8
2 2
8 8
7 7
8 5
7 7
2 3
5 1
8 9
0 0
7 7
2 1
6 6
2 2
9 1
2 3
4 4
4 4
8 1
5 5
7 7
6 6
2 3
7 7
0 0
8 8
5 5
9 9
8 1
0 0
0 0
2 1
6 6
2 2
6 6
2 3
5 3
4 4
6 6
5 5
2 3
6 6
7 7
7 7
0 0
8 8
7 3
9 9
4 4
0 0
8 3
2 1
8 1
2 2
5 5
2 3
9 1
9 4
0 0
5 5
5 3
6 6
2 2
7 7
8 3
8 8
2 2
9 9
0 0
2 3
8 8
2 2
7 7
9 9
0 0
8 3
2 3
2 2
7 7
8 1
4 4
4 4
2 3
5 5
7 7
5 5
2 2
2 2
8 8
2 3
0 0
2 2
7 7
2 1
7 7
2 3
8 8
9 9
4 4
7 7
Correct Answer = 712
Success Rate: 0.712
