10000
building networks
Random Limit : 10
9999
finished a network
output error = [0.14025033]
9999
finished a network
output error = [0.17506947]
9999
finished a network
output error = [0.34122156]
9999
finished a network
output error = [0.20680562]
9999
finished a network
output error = [0.22602232]
9999
finished a network
output error = [0.167315]
9999
finished a network
output error = [0.28064325]
9999
finished a network
output error = [0.29621367]
9999
finished a network
output error = [0.30539458]
9999
finished a network
output error = [0.14906181]
9999
finished a network
output error = [0.31518064]
9999
finished a network
output error = [0.22813514]
9999
finished a network
output error = [0.21157371]
9999
finished a network
output error = [0.33477191]
9999
finished a network
output error = [0.29288231]
9999
finished a network
output error = [0.15540525]
9999
finished a network
output error = [0.31656315]
9999
finished a network
output error = [0.30154621]
9999
finished a network
output error = [0.25689955]
9999
finished a network
output error = [0.1915846]
Couldn't find anything
[0.14025033] [0.244627] 10
Start Deep Training
9999
19999
29999
39999
49999
Square error = [0.09494826]
9999
19999
29999
39999
49999
Square error = [0.08732769]
9999
19999
29999
39999
49999
Square error = [0.0795078]
9999
19999
29999
39999
49999
Square error = [0.06853858]
9999
19999
29999
39999
49999
Square error = [0.05807101]
9999
19999
29999
39999
49999
Square error = [0.05396812]
9999
19999
29999
39999
49999
Square error = [0.05147085]
9999
19999
29999
39999
49999
Square error = [0.04974541]
9999
19999
29999
39999
49999
Square error = [0.04836664]
9999
19999
29999
39999
49999
Square error = [0.04736109]
9999
19999
29999
39999
49999
Square error = [0.0465184]
9999
19999
29999
39999
49999
Square error = [0.04582275]
9999
19999
29999
39999
49999
Square error = [0.04521828]
9999
19999
29999
39999
49999
Square error = [0.0446715]
9999
19999
29999
39999
49999
Square error = [0.04419647]
9999
19999
29999
39999
49999
Square error = [0.04380555]
9999
19999
29999
39999
49999
Square error = [0.04342718]
9999
19999
29999
39999
49999
Square error = [0.04304562]
9999
19999
29999
39999
49999
Square error = [0.04277647]
9999
19999
29999
39999
49999
Square error = [0.04248528]
9999
19999
29999
39999
49999
Square error = [0.04216071]
9999
19999
29999
39999
49999
Square error = [0.04189858]
9999
19999
29999
39999
49999
Square error = [0.04172942]
9999
19999
29999
39999
49999
Square error = [0.04156878]
9999
19999
29999
39999
49999
Square error = [0.04134871]
9999
19999
29999
39999
49999
Square error = [0.04125488]
9999
19999
29999
39999
49999
Square error = [0.0410414]
9999
19999
29999
39999
49999
Square error = [0.04088997]
9999
19999
29999
39999
49999
Square error = [0.0407616]
9999
19999
29999
39999
49999
Square error = [0.04062147]
9999
19999
29999
39999
49999
Square error = [0.04052126]
9999
19999
29999
39999
49999
Square error = [0.04040167]
9999
19999
29999
39999
49999
Square error = [0.04031725]
9999
19999
29999
39999
49999
Square error = [0.04023761]
9999
19999
29999
39999
49999
Square error = [0.04007932]
9999
19999
29999
39999
49999
Square error = [0.04000373]
9999
19999
29999
39999
49999
Square error = [0.0399274]
9999
19999
29999
39999
49999
Square error = [0.03980801]
9999
19999
29999
39999
49999
Square error = [0.03973942]
9999
19999
29999
39999
49999
Square error = [0.03968427]
9999
19999
29999
39999
49999
Square error = [0.0396047]
9999
19999
29999
39999
49999
Square error = [0.03950765]
9999
19999
29999
39999
49999
Square error = [0.0394612]
9999
19999
29999
39999
49999
Square error = [0.03940692]
9999
19999
29999
39999
49999
Square error = [0.03935696]
9999
19999
29999
39999
49999
Square error = [0.03926472]
9999
19999
29999
39999
49999
Square error = [0.0391836]
9999
19999
29999
39999
49999
Square error = [0.03914476]
9999
19999
29999
39999
49999
Square error = [0.03907906]
9999
19999
29999
39999
49999
Square error = [0.03906214]
9999
19999
29999
39999
49999
Square error = [0.03899281]
9999
19999
29999
39999
49999
Square error = [0.03893297]
9999
19999
29999
39999
49999
Square error = [0.03887316]
9999
19999
29999
39999
49999
Square error = [0.03880908]
9999
19999
29999
39999
49999
Square error = [0.03880961]
9999
19999
29999
39999
49999
Square error = [0.03876901]
9999
19999
29999
39999
49999
Square error = [0.03870807]
9999
19999
29999
39999
49999
Square error = [0.03866408]
9999
19999
29999
39999
49999
Square error = [0.03860432]
9999
19999
29999
39999
49999
Square error = [0.0386073]
Start Validation Tests
2 3
8 8
6 6
9 9
6 6
9 4
5 5
5 3
8 8
7 4
5 5
2 2
0 3
8 8
9 4
8 8
9 1
5 5
0 0
5 5
9 9
7 7
9 4
5 1
0 0
5 3
0 0
6 6
2 2
9 9
7 9
9 4
2 1
8 3
6 6
8 8
0 0
7 7
7 7
6 6
8 8
9 9
0 0
5 3
8 8
5 3
2 7
7 7
8 8
7 4
9 4
2 1
6 2
9 9
8 8
2 1
2 1
0 0
6 6
6 6
5 5
0 0
2 1
2 1
7 7
2 2
7 7
9 3
2 1
9 4
0 0
8 5
0 0
6 6
8 8
7 7
6 6
8 8
5 9
9 9
9 4
0 0
6 6
8 1
9 9
2 2
2 6
8 3
9 9
9 4
7 4
5 5
6 6
6 6
2 1
7 7
2 2
8 8
6 6
9 9
7 7
0 0
9 9
2 1
6 6
2 2
8 8
8 3
6 6
6 4
9 9
5 5
8 8
6 6
8 8
7 7
8 8
8 8
6 6
9 9
7 1
7 7
6 6
0 0
9 9
6 6
7 7
0 0
9 9
7 7
2 1
2 3
6 6
8 8
7 4
6 6
8 1
7 7
5 5
2 1
5 3
5 3
5 5
7 7
9 9
9 9
6 6
7 7
5 3
6 4
8 1
0 0
9 4
2 2
9 4
5 5
0 0
0 0
8 1
6 6
6 6
2 4
7 7
9 9
9 4
6 6
5 5
2 2
6 6
9 9
8 8
8 8
8 8
5 5
9 9
5 3
8 8
9 9
8 8
8 8
7 8
5 3
9 4
9 4
2 3
0 0
9 9
5 5
9 4
9 4
8 1
8 8
0 0
6 6
5 1
2 3
2 2
0 0
8 8
6 6
0 0
2 3
6 5
9 4
9 9
0 0
5 3
2 1
0 0
9 9
8 3
2 2
8 3
0 3
2 3
7 7
9 4
9 9
2 2
8 1
6 6
2 2
2 1
8 5
7 7
9 1
9 9
7 7
0 9
7 2
2 2
8 8
7 1
9 7
7 7
0 0
8 0
2 1
8 8
0 9
0 0
6 6
6 6
7 4
7 7
9 9
5 8
2 2
9 9
9 1
5 5
2 2
5 5
2 3
7 7
7 7
0 0
0 0
8 8
2 2
5 3
2 1
5 3
5 5
2 1
0 3
6 6
9 4
8 8
7 7
6 6
2 2
8 8
9 1
0 8
6 6
6 6
8 8
7 7
8 5
6 6
0 0
9 4
8 8
7 4
9 9
8 3
2 2
6 3
6 6
2 2
0 0
2 1
8 1
6 6
2 2
5 5
8 3
0 0
9 4
8 3
5 5
8 8
6 6
9 9
7 7
8 8
8 8
7 3
9 9
0 0
0 0
8 3
9 1
9 4
2 2
5 5
8 3
9 9
0 4
0 5
5 5
5 5
6 6
0 0
7 7
2 1
8 8
0 0
7 9
2 3
0 0
5 5
8 1
2 2
2 2
2 3
5 3
2 1
9 4
2 3
5 5
5 8
6 6
0 0
7 7
8 8
8 8
0 2
9 9
2 1
7 7
5 5
0 0
0 0
6 6
2 1
0 0
9 9
7 7
7 7
5 3
2 1
8 8
2 3
7 7
7 5
2 1
8 2
7 3
7 7
5 7
2 3
9 9
2 3
7 7
7 7
9 4
8 3
0 0
7 7
2 2
7 7
5 5
9 9
0 0
9 9
5 6
9 4
9 4
0 0
9 9
7 7
8 8
8 8
5 5
2 1
2 1
5 5
5 5
2 1
5 3
6 6
9 3
2 1
9 4
5 5
0 0
9 9
5 5
5 8
9 4
2 3
8 8
5 9
5 6
5 4
5 3
6 6
9 4
5 5
8 8
5 5
0 0
0 0
6 6
2 7
9 4
0 6
8 8
5 5
2 3
7 4
0 4
0 0
0 0
9 9
8 1
7 7
9 9
7 7
2 2
8 8
0 7
0 0
9 9
2 2
6 1
8 8
2 2
9 4
5 5
2 2
2 1
8 2
9 7
5 5
2 2
9 9
8 8
5 5
5 7
8 9
0 0
7 7
2 1
9 4
9 9
7 7
6 6
6 3
9 4
2 1
7 9
2 2
2 2
0 0
8 1
2 2
2 2
0 0
5 3
5 1
7 7
5 5
0 0
8 4
2 2
7 7
8 1
9 9
2 3
0 0
5 1
6 6
2 2
2 2
5 5
2 1
8 8
8 3
7 1
9 4
6 6
2 2
8 8
6 6
5 5
2 2
6 6
9 4
0 0
8 8
8 8
5 8
9 9
2 3
8 4
0 0
9 9
7 7
2 2
7 9
0 0
8 8
2 1
0 0
2 2
9 9
5 3
8 8
9 4
8 8
5 5
0 0
8 8
7 7
9 9
2 2
0 0
5 5
2 1
0 0
2 2
9 9
5 3
2 2
9 4
8 8
5 5
8 1
6 6
8 8
7 7
8 3
8 8
6 6
9 9
9 9
0 0
5 3
2 1
9 9
2 2
5 4
2 3
0 0
7 4
2 2
5 5
5 5
8 8
2 1
5 5
5 5
2 2
6 2
2 1
9 9
7 7
6 6
2 2
2 1
9 4
0 6
2 1
0 0
8 4
6 6
2 1
6 6
7 4
5 5
9 9
6 6
6 6
8 8
8 8
6 6
9 4
2 1
5 5
5 5
2 3
8 8
2 7
9 4
9 8
2 1
9 4
6 6
5 3
6 6
5 3
7 7
5 5
9 4
0 0
6 6
6 6
7 7
8 1
6 6
6 6
5 5
8 8
8 8
7 7
0 0
0 0
0 0
8 1
2 1
5 5
8 8
6 6
9 4
0 0
0 0
2 8
2 2
5 5
2 2
0 0
9 3
6 6
2 1
8 1
7 7
5 5
5 5
8 8
8 1
7 4
0 0
7 7
9 4
6 6
5 3
9 9
8 8
2 1
5 5
9 9
7 7
7 7
6 6
2 1
7 7
2 2
6 6
8 3
5 3
7 4
2 2
5 5
2 2
5 5
2 1
2 3
5 3
7 7
8 1
2 3
0 0
8 1
9 9
8 8
0 3
2 2
5 5
2 2
8 8
2 3
9 4
2 2
0 0
7 7
9 9
7 4
2 2
9 9
8 8
9 9
2 4
2 2
7 7
8 8
7 7
8 1
9 9
8 8
9 4
8 3
2 8
8 8
2 2
5 3
5 5
6 6
2 2
7 7
2 2
0 0
9 9
9 4
5 3
0 0
5 3
0 0
7 7
2 1
7 7
2 2
2 5
2 3
2 2
8 4
8 8
5 5
8 8
6 6
7 7
7 7
2 2
8 8
9 9
9 9
2 2
0 0
0 0
2 1
9 9
2 2
9 9
2 3
7 2
8 4
9 9
5 5
7 7
6 6
8 8
7 7
5 5
8 8
5 5
9 9
5 5
0 0
2 3
2 1
9 1
2 2
0 0
2 3
6 6
9 4
5 5
5 5
6 6
6 6
5 5
7 7
9 9
8 8
5 5
9 9
8 1
2 1
5 8
8 8
7 7
6 6
7 7
7 7
7 7
2 1
9 9
2 1
5 5
8 4
2 2
2 3
0 0
7 7
9 9
9 9
0 0
5 3
6 6
6 6
2 2
0 0
5 2
2 3
9 9
6 6
6 6
9 4
0 0
9 8
7 7
6 6
5 3
0 0
0 2
2 1
0 0
8 1
8 1
5 5
9 9
9 9
5 3
9 4
6 6
5 3
8 1
0 0
2 2
8 4
8 1
6 6
9 4
9 9
9 4
2 1
5 5
7 7
2 1
9 9
0 0
5 5
9 9
2 1
5 6
2 1
9 4
9 9
2 8
8 8
0 0
6 6
2 1
6 6
6 6
9 9
7 7
8 8
6 6
8 8
7 7
8 8
7 7
2 2
0 0
7 7
0 7
8 4
6 6
5 5
9 9
8 8
7 7
2 3
8 8
5 5
6 6
8 4
6 6
7 7
2 3
6 6
7 7
5 5
9 9
2 2
0 2
2 2
8 8
2 2
8 8
7 7
5 5
9 7
5 3
2 1
8 9
0 0
7 7
8 1
6 6
2 2
2 1
5 3
5 4
9 4
8 1
5 5
7 7
6 6
5 3
7 7
0 0
8 8
5 5
9 9
2 1
0 0
0 0
8 1
6 6
2 2
6 6
5 3
5 3
9 4
6 6
5 5
2 3
6 6
7 7
7 7
0 0
8 8
2 3
9 9
9 4
0 0
8 3
7 1
8 1
2 2
5 5
5 3
8 1
9 4
0 0
5 5
2 3
6 6
2 2
7 7
5 3
8 8
2 2
9 9
0 0
2 3
8 8
2 2
7 7
9 9
0 0
2 3
5 3
2 2
7 7
2 1
9 4
9 4
5 3
5 5
7 7
5 5
2 2
2 2
8 8
5 3
0 0
2 2
7 7
8 1
7 7
5 3
8 8
9 9
9 4
7 7
Correct Answer = 643
Success Rate: 0.643
