10000
building networks
Random Limit : 10
9999
finished a network
output error = [0.12896065]
9999
finished a network
output error = [0.18303062]
9999
finished a network
output error = [0.18256011]
9999
finished a network
output error = [0.10635282]
9999
finished a network
output error = [0.10101846]
9999
finished a network
output error = [0.27383442]
9999
finished a network
output error = [0.10606049]
9999
finished a network
output error = [0.18368722]
9999
finished a network
output error = [0.11090688]
9999
finished a network
output error = [0.11415113]
9999
finished a network
output error = [0.10138475]
9999
finished a network
output error = [0.10786694]
9999
finished a network
output error = [0.14565467]
9999
finished a network
output error = [0.10179108]
9999
finished a network
output error = [0.13703566]
9999
finished a network
output error = [0.10792304]
9999
finished a network
output error = [0.10585431]
9999
finished a network
output error = [0.18441168]
9999
finished a network
output error = [0.10860626]
9999
finished a network
output error = [0.12830357]
Couldn't find anything
[0.10101846] [0.13596974] 10
Start Deep Training
9999
19999
29999
39999
49999
Square error = [0.08429799]
9999
19999
29999
39999
49999
Square error = [0.06974483]
9999
19999
29999
39999
49999
Square error = [0.06062982]
9999
19999
29999
39999
49999
Square error = [0.05474415]
9999
19999
29999
39999
49999
Square error = [0.05037394]
9999
19999
29999
39999
49999
Square error = [0.0479373]
9999
19999
29999
39999
49999
Square error = [0.04626983]
9999
19999
29999
39999
49999
Square error = [0.04507783]
9999
19999
29999
39999
49999
Square error = [0.04404825]
9999
19999
29999
39999
49999
Square error = [0.04320342]
9999
19999
29999
39999
49999
Square error = [0.04258696]
9999
19999
29999
39999
49999
Square error = [0.04193928]
9999
19999
29999
39999
49999
Square error = [0.04145034]
9999
19999
29999
39999
49999
Square error = [0.04098567]
9999
19999
29999
39999
49999
Square error = [0.0406343]
9999
19999
29999
39999
49999
Square error = [0.04019832]
9999
19999
29999
39999
49999
Square error = [0.03778738]
9999
19999
29999
39999
49999
Square error = [0.031216]
9999
19999
29999
39999
49999
Square error = [0.02740944]
9999
19999
29999
39999
49999
Square error = [0.02630482]
9999
19999
29999
39999
49999
Square error = [0.02541152]
9999
19999
29999
39999
49999
Square error = [0.02473217]
9999
19999
29999
39999
49999
Square error = [0.02418677]
9999
19999
29999
39999
49999
Square error = [0.02375104]
9999
19999
29999
39999
49999
Square error = [0.02341671]
9999
19999
29999
39999
49999
Square error = [0.02299561]
9999
19999
29999
39999
49999
Square error = [0.02270512]
9999
19999
29999
39999
49999
Square error = [0.02235549]
9999
19999
29999
39999
49999
Square error = [0.02207067]
9999
19999
29999
39999
49999
Square error = [0.02193125]
9999
19999
29999
39999
49999
Square error = [0.02158799]
9999
19999
29999
39999
49999
Square error = [0.02143077]
9999
19999
29999
39999
49999
Square error = [0.02123976]
9999
19999
29999
39999
49999
Square error = [0.02101823]
9999
19999
29999
39999
49999
Square error = [0.02086926]
9999
19999
29999
39999
49999
Square error = [0.0207393]
9999
19999
29999
39999
49999
Square error = [0.0205447]
9999
19999
29999
39999
49999
Square error = [0.02040811]
9999
19999
29999
39999
49999
Square error = [0.02027194]
9999
19999
29999
39999
49999
Square error = [0.02016683]
9999
19999
29999
39999
49999
Square error = [0.02003935]
9999
19999
29999
39999
49999
Square error = [0.01999639]
9999
19999
29999
39999
49999
Square error = [0.01984786]
9999
19999
29999
39999
49999
Square error = [0.01980666]
9999
19999
29999
39999
49999
Square error = [0.0196804]
9999
19999
29999
39999
49999
Square error = [0.01959592]
9999
19999
29999
39999
49999
Square error = [0.01950674]
9999
19999
29999
39999
49999
Square error = [0.0194474]
9999
19999
29999
39999
49999
Square error = [0.01933908]
9999
19999
29999
39999
49999
Square error = [0.01925594]
Start Validation Tests
5 3
8 8
6 6
9 9
6 6
4 4
5 5
5 3
8 8
4 4
5 5
2 2
5 3
8 8
4 4
8 8
1 1
5 5
0 0
5 5
9 9
7 7
4 4
1 1
0 0
5 3
0 0
6 6
2 2
9 9
9 9
4 4
1 1
5 3
6 6
8 8
0 0
7 7
7 7
6 6
8 8
9 9
2 0
5 3
8 8
5 3
7 7
7 7
8 8
4 4
4 4
1 1
6 2
9 9
8 8
1 1
1 1
0 0
6 6
6 6
5 5
0 0
1 1
1 1
7 7
2 2
7 7
8 3
1 1
4 4
0 0
5 5
0 0
6 6
8 8
7 7
6 6
8 8
5 9
4 9
4 4
0 0
5 6
1 1
9 9
2 2
6 6
8 3
1 9
4 4
4 4
5 5
6 6
6 6
1 1
7 7
2 2
8 8
6 6
9 9
7 7
0 0
9 9
1 1
6 6
2 2
8 8
2 3
6 6
4 4
9 9
5 5
8 8
6 6
8 8
7 7
8 8
8 8
6 6
9 9
4 1
7 7
6 6
0 0
4 9
6 6
7 7
0 0
9 9
7 7
1 1
2 3
6 6
8 8
9 4
6 6
1 1
7 7
5 5
1 1
5 3
5 3
5 5
7 7
4 9
9 9
6 6
7 7
5 3
6 4
1 1
0 0
4 4
2 2
4 4
7 5
0 0
0 0
1 1
6 6
6 6
4 4
2 7
9 9
4 4
6 6
5 5
2 2
6 6
9 9
8 8
8 8
2 8
5 5
9 9
5 3
8 8
4 9
8 8
8 8
8 8
5 3
4 4
4 4
2 3
0 0
9 9
5 5
4 4
4 4
1 1
8 8
5 0
6 6
1 1
8 3
2 2
0 0
8 8
6 6
0 0
5 3
5 5
4 4
9 9
0 0
7 3
1 1
0 0
9 9
2 3
2 2
9 3
5 3
5 3
7 7
4 4
9 9
2 2
1 1
6 6
2 2
1 1
8 5
7 7
1 1
9 9
7 7
0 9
2 2
2 2
8 8
1 1
9 7
7 7
0 0
6 0
1 1
8 8
0 9
0 0
6 6
6 6
4 4
7 7
9 9
7 8
2 2
9 9
1 1
5 5
2 2
5 5
5 3
7 7
7 7
8 0
0 0
8 8
2 2
5 3
1 1
5 3
5 5
1 1
7 3
6 6
4 4
8 8
7 7
6 6
2 2
8 8
1 1
8 8
6 6
6 6
8 8
7 7
8 5
6 6
0 0
4 4
8 8
4 4
9 9
2 3
2 2
2 3
6 6
2 2
0 0
1 1
1 1
2 6
2 2
5 5
5 3
0 0
4 4
7 3
5 5
8 8
6 6
9 9
7 7
5 8
8 8
2 3
9 9
0 0
0 0
5 3
1 1
4 4
2 2
5 5
8 3
9 9
4 4
5 5
5 5
5 5
6 6
0 0
7 7
1 1
8 8
0 0
7 9
5 3
0 0
5 5
1 1
2 2
2 2
5 3
2 3
1 1
4 4
2 3
5 5
8 8
2 6
0 0
7 7
8 8
8 8
2 2
9 9
1 1
7 7
5 5
6 0
0 0
6 6
1 1
0 0
9 9
1 7
7 7
5 3
1 1
8 8
7 3
7 7
5 5
1 1
2 2
9 3
7 7
0 7
5 3
7 9
5 3
7 7
7 7
4 4
5 3
0 0
7 7
2 2
7 7
5 5
9 9
0 0
9 9
6 6
4 4
4 4
0 0
4 9
7 7
8 8
8 8
5 5
2 1
1 1
5 5
5 5
1 1
5 3
6 6
9 3
1 1
4 4
5 5
0 0
9 9
5 5
8 8
4 4
5 3
8 8
7 9
6 6
4 4
5 3
6 6
4 4
5 5
8 8
5 5
0 0
8 0
6 6
8 7
4 4
0 6
8 8
5 5
9 3
4 4
4 4
0 0
0 0
9 9
1 1
7 7
9 9
7 7
2 2
8 8
7 7
0 0
9 9
8 2
1 1
8 8
2 2
4 4
5 5
2 2
1 1
2 2
7 7
5 5
2 2
9 9
8 8
5 5
5 7
9 9
0 0
7 7
1 1
4 4
9 9
7 7
6 6
5 3
4 4
1 1
9 9
2 2
2 2
0 0
1 1
2 2
2 2
0 0
5 3
1 1
7 7
5 5
0 0
4 4
2 2
7 7
1 1
9 9
5 3
0 0
1 1
6 6
2 2
2 2
5 5
1 1
8 8
5 3
1 1
4 4
6 6
2 2
8 8
6 6
5 5
2 2
8 6
4 4
0 0
8 8
8 8
0 8
9 9
5 3
4 4
0 0
9 9
7 7
2 2
7 9
0 0
8 8
1 1
0 0
2 2
9 9
5 3
8 8
4 4
8 8
5 5
0 0
8 8
7 7
7 9
2 2
0 0
5 5
1 1
0 0
2 2
9 9
5 3
2 2
4 4
8 8
5 5
1 1
6 6
8 8
7 7
7 3
8 8
4 6
7 9
9 9
0 0
5 3
1 1
9 9
2 2
4 4
2 3
0 0
4 4
2 2
5 5
5 5
8 8
2 1
5 5
6 5
2 2
2 2
1 1
9 9
7 7
6 6
2 2
1 1
4 4
2 6
1 1
0 0
4 4
6 6
1 1
6 6
4 4
5 5
9 9
6 6
6 6
8 8
8 8
6 6
4 4
1 1
5 5
5 5
5 3
8 8
2 7
4 4
8 8
1 1
4 4
6 6
5 3
8 6
5 3
7 7
5 5
4 4
0 0
8 6
6 6
7 7
1 1
6 6
6 6
5 5
8 8
8 8
7 7
0 0
0 0
0 0
1 1
5 1
5 5
8 8
6 6
4 4
0 0
0 0
9 8
2 2
5 5
2 2
0 0
5 3
6 6
1 1
1 1
7 7
5 5
5 5
2 8
1 1
4 4
0 0
7 7
4 4
6 6
5 3
9 9
8 8
1 1
5 5
9 9
0 7
7 7
6 6
1 1
7 7
2 2
6 6
7 3
5 3
4 4
2 2
5 5
2 2
5 5
1 1
7 3
5 3
7 7
1 1
5 3
0 0
1 1
9 9
8 8
5 3
2 2
5 5
2 2
8 8
5 3
4 4
2 2
5 0
7 7
4 9
4 4
1 2
9 9
8 8
9 9
4 4
2 2
7 7
8 8
7 7
1 1
9 9
8 8
4 4
5 3
5 8
8 8
8 2
7 3
5 5
6 6
2 2
7 7
2 2
0 0
9 9
4 4
0 3
0 0
5 3
0 0
7 7
1 1
7 7
2 2
9 5
5 3
2 2
4 4
8 8
5 5
8 8
6 6
7 7
1 7
2 2
8 8
9 9
8 9
2 2
0 0
0 0
1 1
7 9
2 2
9 9
2 3
7 2
4 4
9 9
5 5
7 7
6 6
8 8
7 7
5 5
8 8
5 5
9 9
5 5
0 0
5 3
1 1
1 1
2 2
0 0
5 3
6 6
4 4
5 5
5 5
6 6
6 6
5 5
7 7
9 9
8 8
5 5
9 9
1 1
1 1
8 8
8 8
7 7
6 6
7 7
7 7
7 7
1 1
9 9
1 1
5 5
4 4
2 2
5 3
0 0
7 7
9 9
9 9
0 0
5 3
6 6
6 6
2 2
0 0
5 2
5 3
9 9
6 6
6 6
9 4
0 0
9 8
7 7
6 6
5 3
0 0
2 2
1 1
0 0
1 1
1 1
5 5
9 9
9 9
7 3
4 4
6 6
2 3
1 1
0 0
2 2
8 4
1 1
6 6
4 4
9 9
4 4
1 1
5 5
7 7
1 1
9 9
0 0
5 5
9 9
1 1
6 6
1 1
4 4
9 9
8 8
8 8
0 0
6 6
1 1
6 6
6 6
9 9
7 7
8 8
6 6
8 8
7 7
8 8
7 7
2 2
0 0
7 7
0 7
4 4
6 6
5 5
9 9
8 8
7 7
5 3
8 8
5 5
6 6
4 4
6 6
7 7
5 3
6 6
7 7
5 5
4 9
1 2
2 2
2 2
8 8
2 2
8 8
7 7
5 5
8 7
5 3
1 1
5 9
0 0
7 7
1 1
4 6
2 2
1 1
5 3
4 4
4 4
1 1
5 5
7 7
6 6
2 3
7 7
0 0
8 8
5 5
9 9
1 1
0 0
4 0
1 1
6 6
2 2
6 6
5 3
5 3
4 4
6 6
5 5
5 3
6 6
7 7
7 7
0 0
8 8
5 3
5 9
4 4
0 0
2 3
1 1
8 1
2 2
5 5
5 3
1 1
4 4
0 0
5 5
5 3
6 6
2 2
7 7
2 3
8 8
2 2
9 9
0 0
5 3
8 8
2 2
7 7
9 9
0 0
7 3
5 3
2 2
7 7
1 1
4 4
4 4
5 3
5 5
7 7
5 5
2 2
2 2
8 8
7 3
1 0
2 2
7 7
1 1
7 7
5 3
8 8
9 9
4 4
7 7
Correct Answer = 815
Success Rate: 0.815
