10000
building networks
Random Limit : 10
9999
finished a network
output error = [0.20528022]
9999
finished a network
output error = [0.20119059]
9999
finished a network
output error = [0.14040285]
9999
finished a network
output error = [0.17615341]
9999
finished a network
output error = [0.18618587]
9999
finished a network
output error = [0.24727013]
9999
finished a network
output error = [0.14340547]
9999
finished a network
output error = [0.38580181]
9999
finished a network
output error = [0.16984253]
9999
finished a network
output error = [0.20980839]
9999
finished a network
output error = [0.22170258]
9999
finished a network
output error = [0.20962124]
9999
finished a network
output error = [0.28765231]
9999
finished a network
output error = [0.24993995]
9999
finished a network
output error = [0.20018847]
9999
finished a network
output error = [0.29233643]
9999
finished a network
output error = [0.29723334]
9999
finished a network
output error = [0.30255473]
9999
finished a network
output error = [0.25193792]
9999
finished a network
output error = [0.28291432]
Couldn't find anything
[0.14040285] [0.23307113] 10
Start Deep Training
9999
19999
29999
39999
49999
Square error = [0.0950188]
9999
19999
29999
39999
49999
Square error = [0.08735316]
9999
19999
29999
39999
49999
Square error = [0.07960149]
9999
19999
29999
39999
49999
Square error = [0.07101501]
9999
19999
29999
39999
49999
Square error = [0.06363466]
9999
19999
29999
39999
49999
Square error = [0.05935504]
9999
19999
29999
39999
49999
Square error = [0.05699592]
9999
19999
29999
39999
49999
Square error = [0.05540963]
9999
19999
29999
39999
49999
Square error = [0.05425639]
9999
19999
29999
39999
49999
Square error = [0.05335572]
9999
19999
29999
39999
49999
Square error = [0.05263003]
9999
19999
29999
39999
49999
Square error = [0.05199765]
9999
19999
29999
39999
49999
Square error = [0.04870123]
9999
19999
29999
39999
49999
Square error = [0.04670187]
9999
19999
29999
39999
49999
Square error = [0.04589345]
9999
19999
29999
39999
49999
Square error = [0.045279]
9999
19999
29999
39999
49999
Square error = [0.044712]
9999
19999
29999
39999
49999
Square error = [0.04429165]
9999
19999
29999
39999
49999
Square error = [0.04384105]
9999
19999
29999
39999
49999
Square error = [0.04347245]
9999
19999
29999
39999
49999
Square error = [0.04315375]
9999
19999
29999
39999
49999
Square error = [0.04276044]
9999
19999
29999
39999
49999
Square error = [0.04247538]
9999
19999
29999
39999
49999
Square error = [0.04218641]
9999
19999
29999
39999
49999
Square error = [0.04191376]
9999
19999
29999
39999
49999
Square error = [0.04167522]
9999
19999
29999
39999
49999
Square error = [0.04150025]
9999
19999
29999
39999
49999
Square error = [0.04130859]
9999
19999
29999
39999
49999
Square error = [0.04118104]
9999
19999
29999
39999
49999
Square error = [0.04100312]
9999
19999
29999
39999
49999
Square error = [0.04087487]
9999
19999
29999
39999
49999
Square error = [0.04068105]
9999
19999
29999
39999
49999
Square error = [0.04057464]
9999
19999
29999
39999
49999
Square error = [0.04042131]
9999
19999
29999
39999
49999
Square error = [0.03613026]
9999
19999
29999
39999
49999
Square error = [0.03088979]
9999
19999
29999
39999
49999
Square error = [0.03031118]
9999
19999
29999
39999
49999
Square error = [0.02997952]
9999
19999
29999
39999
49999
Square error = [0.02973874]
9999
19999
29999
39999
49999
Square error = [0.0295229]
9999
19999
29999
39999
49999
Square error = [0.02935417]
9999
19999
29999
39999
49999
Square error = [0.0291476]
9999
19999
29999
39999
49999
Square error = [0.02900458]
9999
19999
29999
39999
49999
Square error = [0.02891905]
9999
19999
29999
39999
49999
Square error = [0.02876303]
9999
19999
29999
39999
49999
Square error = [0.02868517]
9999
19999
29999
39999
49999
Square error = [0.02853713]
9999
19999
29999
39999
49999
Square error = [0.02846149]
9999
19999
29999
39999
49999
Square error = [0.02836923]
9999
19999
29999
39999
49999
Square error = [0.0282147]
9999
19999
29999
39999
49999
Square error = [0.02812927]
9999
19999
29999
39999
49999
Square error = [0.02802666]
9999
19999
29999
39999
49999
Square error = [0.02793578]
9999
19999
29999
39999
49999
Square error = [0.02788266]
9999
19999
29999
39999
49999
Square error = [0.02783733]
9999
19999
29999
39999
49999
Square error = [0.02774208]
9999
19999
29999
39999
49999
Square error = [0.02769409]
9999
19999
29999
39999
49999
Square error = [0.02762501]
9999
19999
29999
39999
49999
Square error = [0.02750714]
9999
19999
29999
39999
49999
Square error = [0.02747164]
Start Validation Tests
3 3
8 8
6 6
7 9
6 6
2 4
5 5
5 3
8 8
7 4
5 5
2 2
3 3
8 8
7 4
8 8
1 1
5 5
0 0
5 5
7 9
7 7
7 4
1 1
0 0
3 3
0 0
6 6
2 2
7 9
7 9
7 4
1 1
5 3
6 6
8 8
0 0
7 7
7 7
6 6
8 8
7 9
0 0
3 3
8 8
3 3
7 7
7 7
8 8
6 4
7 4
1 1
0 2
7 9
8 8
1 1
1 1
0 0
6 6
6 6
5 5
0 0
1 1
1 1
7 7
2 2
7 7
3 3
1 1
7 4
5 0
5 5
0 0
6 6
8 8
7 7
6 6
8 8
5 9
5 9
7 4
0 0
6 6
1 1
5 9
2 2
2 6
3 3
3 9
6 4
1 4
8 5
6 6
6 6
1 1
7 7
2 2
8 8
6 6
7 9
7 7
0 0
3 9
1 1
6 6
2 2
8 8
3 3
6 6
7 4
3 9
5 5
8 8
6 6
8 8
7 7
1 8
8 8
6 6
7 9
1 1
7 7
6 6
0 0
7 9
6 6
7 7
0 0
7 9
7 7
1 1
3 3
6 6
8 8
3 4
6 6
1 1
7 7
5 5
1 1
3 3
3 3
5 5
7 7
7 9
7 9
6 6
7 7
3 3
6 4
1 1
0 0
7 4
2 2
7 4
5 5
0 0
0 0
1 1
6 6
6 6
2 4
3 7
7 9
7 4
6 6
3 5
2 2
6 6
7 9
8 8
8 8
8 8
5 5
7 9
3 3
8 8
7 9
8 8
8 8
8 8
3 3
7 4
7 4
8 3
0 0
7 9
5 5
6 4
7 4
1 1
8 8
0 0
6 6
1 1
3 3
2 2
0 0
8 8
6 6
0 0
3 3
0 5
7 4
7 9
0 0
3 3
1 1
0 0
7 9
3 3
2 2
8 3
3 3
3 3
7 7
2 4
7 9
6 2
1 1
6 6
2 2
1 1
8 5
7 7
1 1
7 9
7 7
0 9
7 2
2 2
8 8
1 1
7 7
7 7
0 0
8 0
1 1
8 8
0 9
0 0
6 6
6 6
7 4
7 7
7 9
8 8
2 2
1 9
1 1
5 5
2 2
5 5
3 3
7 7
7 7
5 0
0 0
8 8
2 2
3 3
1 1
3 3
5 5
1 1
3 3
6 6
2 4
8 8
7 7
6 6
2 2
8 8
1 1
3 8
6 6
6 6
8 8
7 7
5 5
6 6
0 0
7 4
8 8
7 4
3 9
3 3
2 2
3 3
6 6
2 2
0 0
1 1
1 1
6 6
2 2
5 5
5 3
0 0
7 4
3 3
5 5
8 8
6 6
7 9
7 7
8 8
8 8
3 3
7 9
0 0
0 0
3 3
1 1
7 4
2 2
5 5
3 3
7 9
6 4
5 5
5 5
3 5
6 6
0 0
7 7
1 1
8 8
0 0
7 9
3 3
0 0
0 5
1 1
2 2
2 2
3 3
3 3
1 1
7 4
2 3
5 5
5 8
1 6
0 0
7 7
8 8
8 8
2 2
7 9
1 1
7 7
5 5
0 0
0 0
3 6
1 1
0 0
7 9
1 7
7 7
3 3
1 1
8 8
3 3
7 7
5 5
1 1
2 2
7 3
2 7
7 7
3 3
2 9
3 3
7 7
7 7
5 4
3 3
0 0
7 7
2 2
7 7
5 5
7 9
0 0
7 9
6 6
7 4
5 4
0 0
7 9
7 7
2 8
8 8
5 5
6 1
1 1
5 5
5 5
1 1
3 3
6 6
3 3
1 1
7 4
5 5
0 0
7 9
5 5
8 8
7 4
3 3
8 8
3 9
6 6
7 4
8 3
6 6
7 4
5 5
8 8
5 5
0 0
0 0
5 6
1 7
7 4
0 6
8 8
5 5
8 3
7 4
5 4
0 0
0 0
7 9
1 1
7 7
7 9
7 7
2 2
8 8
7 7
0 0
3 9
2 2
1 1
8 8
2 2
7 4
5 5
2 2
1 1
2 2
7 7
5 5
2 2
7 9
8 8
5 5
5 7
8 9
0 0
7 7
1 1
7 4
8 9
7 7
6 6
7 3
5 4
1 1
7 9
2 2
2 2
0 0
1 1
2 2
2 2
0 0
3 3
1 1
7 7
5 5
0 0
7 4
2 2
7 7
2 1
3 9
3 3
0 0
1 1
6 6
2 2
2 2
5 5
1 1
1 8
3 3
1 1
7 4
6 6
2 2
8 8
6 6
5 5
2 2
6 6
7 4
0 0
8 8
8 8
3 8
7 9
3 3
3 4
0 0
7 9
7 7
2 2
8 9
0 0
8 8
1 1
0 0
2 2
7 9
3 3
8 8
7 4
8 8
5 5
0 0
8 8
7 7
7 9
2 2
0 0
5 5
1 1
0 0
2 2
7 9
3 3
2 2
7 4
8 8
5 5
1 1
6 6
8 8
7 7
3 3
8 8
6 6
7 9
7 9
0 0
3 3
1 1
7 9
2 2
7 4
3 3
0 0
7 4
2 2
5 5
5 5
8 8
3 1
5 5
6 5
2 2
2 2
1 1
3 9
7 7
6 6
2 2
1 1
7 4
0 6
1 1
0 0
7 4
6 6
1 1
6 6
7 4
5 5
7 9
6 6
6 6
8 8
8 8
6 6
7 4
1 1
5 5
5 5
3 3
8 8
7 7
7 4
8 8
1 1
7 4
6 6
3 3
6 6
3 3
7 7
5 5
6 4
0 0
5 6
6 6
7 7
1 1
6 6
6 6
5 5
8 8
8 8
7 7
0 0
0 0
0 0
1 1
3 1
5 5
8 8
6 6
7 4
0 0
0 0
3 8
2 2
5 5
2 2
0 0
3 3
6 6
1 1
1 1
7 7
5 5
5 5
8 8
1 1
7 4
0 0
7 7
7 4
6 6
3 3
2 9
8 8
1 1
5 5
7 9
7 7
7 7
6 6
1 1
7 7
2 2
6 6
3 3
3 3
7 4
2 2
5 5
2 2
5 5
1 1
3 3
3 3
7 7
1 1
3 3
0 0
1 1
7 9
8 8
3 3
2 2
5 5
2 2
8 8
3 3
7 4
2 2
5 0
7 7
2 9
7 4
1 2
7 9
8 8
7 9
3 4
2 2
7 7
8 8
7 7
1 1
7 9
8 8
7 4
3 3
3 8
8 8
8 2
3 3
5 5
6 6
2 2
7 7
2 2
0 0
3 9
7 4
3 3
0 0
0 3
0 0
7 7
1 1
7 7
2 2
0 5
3 3
2 2
3 4
8 8
5 5
8 8
6 6
7 7
7 7
2 2
8 8
7 9
8 9
2 2
0 0
0 0
1 1
7 9
2 2
7 9
3 3
3 2
7 4
8 9
5 5
7 7
6 6
8 8
7 7
5 5
8 8
5 5
5 9
5 5
0 0
3 3
1 1
1 1
2 2
0 0
3 3
6 6
8 4
5 5
5 5
6 6
6 6
3 5
7 7
7 9
8 8
5 5
3 9
1 1
2 1
8 8
8 8
7 7
6 6
7 7
7 7
7 7
1 1
3 9
1 1
5 5
7 4
2 2
3 3
0 0
7 7
7 9
7 9
0 0
3 3
6 6
6 6
2 2
0 0
5 2
3 3
7 9
6 6
6 6
8 4
0 0
8 8
7 7
6 6
3 3
0 0
2 2
6 1
0 0
1 1
1 1
5 5
3 9
7 9
3 3
3 4
0 6
8 3
1 1
0 0
2 2
3 4
1 1
6 6
7 4
7 9
7 4
1 1
5 5
7 7
1 1
3 9
0 0
5 5
7 9
1 1
0 6
1 1
7 4
7 9
8 8
8 8
0 0
6 6
1 1
6 6
6 6
7 9
7 7
8 8
6 6
8 8
7 7
8 8
7 7
2 2
0 0
7 7
0 7
7 4
6 6
5 5
7 9
8 8
7 7
3 3
8 8
5 5
6 6
3 4
6 6
3 7
3 3
6 6
7 7
5 5
5 9
2 2
6 2
2 2
8 8
2 2
8 8
7 7
5 5
3 7
3 3
8 1
0 9
0 0
7 7
1 1
6 6
2 2
1 1
3 3
7 4
5 4
1 1
5 5
7 7
6 6
3 3
7 7
0 0
8 8
5 5
7 9
1 1
0 0
5 0
1 1
6 6
2 2
6 6
3 3
3 3
7 4
6 6
5 5
3 3
6 6
1 7
7 7
0 0
8 8
3 3
3 9
7 4
0 0
3 3
1 1
1 1
2 2
5 5
3 3
1 1
7 4
0 0
5 5
3 3
6 6
2 2
7 7
3 3
8 8
2 2
7 9
0 0
3 3
8 8
2 2
7 7
7 9
0 0
3 3
3 3
2 2
7 7
1 1
7 4
3 4
3 3
5 5
7 7
5 5
2 2
2 2
8 8
3 3
0 0
2 2
7 7
1 1
7 7
3 3
8 8
7 9
7 4
7 7
Correct Answer = 746
Success Rate: 0.746
