10000
building networks
Random Limit : 10
9999
finished a network
output error = [0.16925081]
9999
finished a network
output error = [0.26303479]
9999
finished a network
output error = [0.10339325]
9999
finished a network
output error = [0.18452783]
9999
finished a network
output error = [0.18475352]
9999
finished a network
output error = [0.11333938]
9999
finished a network
output error = [0.10699662]
9999
finished a network
output error = [0.10281459]
9999
finished a network
output error = [0.10302344]
9999
finished a network
output error = [0.1190534]
9999
finished a network
output error = [0.12193327]
9999
finished a network
output error = [0.22139992]
9999
finished a network
output error = [0.23173405]
9999
finished a network
output error = [0.10392134]
9999
finished a network
output error = [0.2297884]
9999
finished a network
output error = [0.09990719]
9999
finished a network
output error = [0.18309967]
9999
finished a network
output error = [0.18528202]
9999
finished a network
output error = [0.18743803]
9999
finished a network
output error = [0.11290524]
Couldn't find anything
[0.09990719] [0.15637984] 10
Start Deep Training
9999
19999
29999
39999
49999
Square error = [0.09087773]
9999
19999
29999
39999
49999
Square error = [0.08962728]
9999
19999
29999
39999
49999
Square error = [0.0804846]
9999
19999
29999
39999
49999
Square error = [0.07640241]
9999
19999
29999
39999
49999
Square error = [0.07526695]
9999
19999
29999
39999
49999
Square error = [0.07448987]
9999
19999
29999
39999
49999
Square error = [0.07396919]
9999
19999
29999
39999
49999
Square error = [0.07326534]
9999
19999
29999
39999
49999
Square error = [0.06638089]
9999
19999
29999
39999
49999
Square error = [0.06515976]
9999
19999
29999
39999
49999
Square error = [0.06458428]
9999
19999
29999
39999
49999
Square error = [0.07828037]
9999
19999
29999
39999
49999
Square error = [0.08225575]
9999
19999
29999
39999
49999
Square error = [0.08321183]
9999
19999
29999
39999
49999
Square error = [0.08409386]
9999
19999
29999
39999
49999
Square error = [0.08312512]
9999
19999
29999
39999
49999
Square error = [0.08171445]
9999
19999
29999
39999
49999
Square error = [0.08193787]
9999
19999
29999
39999
49999
Square error = [0.08117833]
9999
19999
29999
39999
49999
Square error = [0.07906]
9999
19999
29999
39999
49999
Square error = [0.08071784]
9999
19999
29999
39999
49999
Square error = [0.10472794]
9999
19999
29999
39999
49999
Square error = [0.09999997]
9999
19999
29999
39999
49999
Square error = [0.10000849]
9999
19999
29999
39999
49999
Square error = [0.1]
9999
19999
29999
39999
49999
Square error = [0.1]
9999
19999
29999
39999
49999
Square error = [0.1]
9999
19999
29999
39999
49999
Square error = [0.1]
9999
19999
29999
39999
49999
Square error = [0.1]
9999
19999
29999
39999
49999
Square error = [0.1]
9999
19999
29999
39999
49999
Square error = [0.1]
9999
19999
29999
39999
49999
Square error = [0.1]
9999
19999
29999
39999
49999
Square error = [0.1]
9999
19999
29999
39999
49999
Square error = [0.1]
9999
19999
29999
39999
49999
Square error = [0.1]
9999
19999
29999
39999
49999
Square error = [0.1]
9999
19999
29999
39999
49999
Square error = [0.1]
9999
19999
29999
39999
49999
Square error = [0.1]
9999
19999
29999
39999
49999
Square error = [0.1]
9999
19999
29999
39999
49999
Square error = [0.1]
9999
19999
29999
39999
49999
Square error = [0.1]
9999
19999
29999
39999
49999
Square error = [0.1]
9999
19999
29999
39999
49999
Square error = [0.1]
9999
19999
29999
39999
49999
Square error = [0.1]
9999
19999
29999
39999
49999
Square error = [0.1]
9999
19999
29999
39999
49999
Square error = [0.14387193]
9999
19999
29999
39999
49999
Square error = [0.180128]
9999
19999
29999
39999
49999
Square error = [0.180128]
9999
19999
29999
39999
49999
Square error = [0.180128]
9999
19999
29999
39999
49999
Square error = [0.180128]
Start Validation Tests
2 3
2 8
2 6
2 9
2 6
2 4
2 5
2 3
2 8
2 4
2 5
2 2
2 3
2 8
2 4
2 8
2 1
2 5
2 0
2 5
2 9
2 7
2 4
2 1
2 0
2 3
2 0
2 6
2 2
2 9
2 9
2 4
2 1
2 3
2 6
2 8
2 0
2 7
2 7
2 6
2 8
2 9
2 0
2 3
2 8
2 3
2 7
2 7
2 8
2 4
2 4
2 1
2 2
2 9
2 8
2 1
2 1
2 0
2 6
2 6
2 5
2 0
2 1
2 1
2 7
2 2
2 7
2 3
2 1
2 4
2 0
2 5
2 0
2 6
2 8
2 7
2 6
2 8
2 9
2 9
2 4
2 0
2 6
2 1
2 9
2 2
2 6
2 3
2 9
2 4
2 4
2 5
2 6
2 6
2 1
2 7
2 2
2 8
2 6
2 9
2 7
2 0
2 9
2 1
2 6
2 2
2 8
2 3
2 6
2 4
2 9
2 5
2 8
2 6
2 8
2 7
2 8
2 8
2 6
2 9
2 1
2 7
2 6
2 0
2 9
2 6
2 7
2 0
2 9
2 7
2 1
2 3
2 6
2 8
2 4
2 6
2 1
2 7
2 5
2 1
2 3
2 3
2 5
2 7
2 9
2 9
2 6
2 7
2 3
2 4
2 1
2 0
2 4
2 2
2 4
2 5
2 0
2 0
2 1
2 6
2 6
2 4
2 7
2 9
2 4
2 6
2 5
2 2
2 6
2 9
2 8
2 8
2 8
2 5
2 9
2 3
2 8
2 9
2 8
2 8
2 8
2 3
2 4
2 4
2 3
2 0
2 9
2 5
2 4
2 4
2 1
2 8
2 0
2 6
2 1
2 3
2 2
2 0
2 8
2 6
2 0
2 3
2 5
2 4
2 9
2 0
2 3
2 1
2 0
2 9
2 3
2 2
2 3
2 3
2 3
2 7
2 4
2 9
2 2
2 1
2 6
2 2
2 1
2 5
2 7
2 1
2 9
2 7
2 9
2 2
2 2
2 8
2 1
2 7
2 7
2 0
2 0
2 1
2 8
2 9
2 0
2 6
2 6
2 4
2 7
2 9
2 8
2 2
2 9
2 1
2 5
2 2
2 5
2 3
2 7
2 7
2 0
2 0
2 8
2 2
2 3
2 1
2 3
2 5
2 1
2 3
2 6
2 4
2 8
2 7
2 6
2 2
2 8
2 1
2 8
2 6
2 6
2 8
2 7
2 5
2 6
2 0
2 4
2 8
2 4
2 9
2 3
2 2
2 3
2 6
2 2
2 0
2 1
2 1
2 6
2 2
2 5
2 3
2 0
2 4
2 3
2 5
2 8
2 6
2 9
2 7
2 8
2 8
2 3
2 9
2 0
2 0
2 3
2 1
2 4
2 2
2 5
2 3
2 9
2 4
2 5
2 5
2 5
2 6
2 0
2 7
2 1
2 8
2 0
2 9
2 3
2 0
2 5
2 1
2 2
2 2
2 3
2 3
2 1
2 4
2 3
2 5
2 8
2 6
2 0
2 7
2 8
2 8
2 2
2 9
2 1
2 7
2 5
2 0
2 0
2 6
2 1
2 0
2 9
2 7
2 7
2 3
2 1
2 8
2 3
2 7
2 5
2 1
2 2
2 3
2 7
2 7
2 3
2 9
2 3
2 7
2 7
2 4
2 3
2 0
2 7
2 2
2 7
2 5
2 9
2 0
2 9
2 6
2 4
2 4
2 0
2 9
2 7
2 8
2 8
2 5
2 1
2 1
2 5
2 5
2 1
2 3
2 6
2 3
2 1
2 4
2 5
2 0
2 9
2 5
2 8
2 4
2 3
2 8
2 9
2 6
2 4
2 3
2 6
2 4
2 5
2 8
2 5
2 0
2 0
2 6
2 7
2 4
2 6
2 8
2 5
2 3
2 4
2 4
2 0
2 0
2 9
2 1
2 7
2 9
2 7
2 2
2 8
2 7
2 0
2 9
2 2
2 1
2 8
2 2
2 4
2 5
2 2
2 1
2 2
2 7
2 5
2 2
2 9
2 8
2 5
2 7
2 9
2 0
2 7
2 1
2 4
2 9
2 7
2 6
2 3
2 4
2 1
2 9
2 2
2 2
2 0
2 1
2 2
2 2
2 0
2 3
2 1
2 7
2 5
2 0
2 4
2 2
2 7
2 1
2 9
2 3
2 0
2 1
2 6
2 2
2 2
2 5
2 1
2 8
2 3
2 1
2 4
2 6
2 2
2 8
2 6
2 5
2 2
2 6
2 4
2 0
2 8
2 8
2 8
2 9
2 3
2 4
2 0
2 9
2 7
2 2
2 9
2 0
2 8
2 1
2 0
2 2
2 9
2 3
2 8
2 4
2 8
2 5
2 0
2 8
2 7
2 9
2 2
2 0
2 5
2 1
2 0
2 2
2 9
2 3
2 2
2 4
2 8
2 5
2 1
2 6
2 8
2 7
2 3
2 8
2 6
2 9
2 9
2 0
2 3
2 1
2 9
2 2
2 4
2 3
2 0
2 4
2 2
2 5
2 5
2 8
2 1
2 5
2 5
2 2
2 2
2 1
2 9
2 7
2 6
2 2
2 1
2 4
2 6
2 1
2 0
2 4
2 6
2 1
2 6
2 4
2 5
2 9
2 6
2 6
2 8
2 8
2 6
2 4
2 1
2 5
2 5
2 3
2 8
2 7
2 4
2 8
2 1
2 4
2 6
2 3
2 6
2 3
2 7
2 5
2 4
2 0
2 6
2 6
2 7
2 1
2 6
2 6
2 5
2 8
2 8
2 7
2 0
2 0
2 0
2 1
2 1
2 5
2 8
2 6
2 4
2 0
2 0
2 8
2 2
2 5
2 2
2 0
2 3
2 6
2 1
2 1
2 7
2 5
2 5
2 8
2 1
2 4
2 0
2 7
2 4
2 6
2 3
2 9
2 8
2 1
2 5
2 9
2 7
2 7
2 6
2 1
2 7
2 2
2 6
2 3
2 3
2 4
2 2
2 5
2 2
2 5
2 1
2 3
2 3
2 7
2 1
2 3
2 0
2 1
2 9
2 8
2 3
2 2
2 5
2 2
2 8
2 3
2 4
2 2
2 0
2 7
2 9
2 4
2 2
2 9
2 8
2 9
2 4
2 2
2 7
2 8
2 7
2 1
2 9
2 8
2 4
2 3
2 8
2 8
2 2
2 3
2 5
2 6
2 2
2 7
2 2
2 0
2 9
2 4
2 3
2 0
2 3
2 0
2 7
2 1
2 7
2 2
2 5
2 3
2 2
2 4
2 8
2 5
2 8
2 6
2 7
2 7
2 2
2 8
2 9
2 9
2 2
2 0
2 0
2 1
2 9
2 2
2 9
2 3
2 2
2 4
2 9
2 5
2 7
2 6
2 8
2 7
2 5
2 8
2 5
2 9
2 5
2 0
2 3
2 1
2 1
2 2
2 0
2 3
2 6
2 4
2 5
2 5
2 6
2 6
2 5
2 7
2 9
2 8
2 5
2 9
2 1
2 1
2 8
2 8
2 7
2 6
2 7
2 7
2 7
2 1
2 9
2 1
2 5
2 4
2 2
2 3
2 0
2 7
2 9
2 9
2 0
2 3
2 6
2 6
2 2
2 0
2 2
2 3
2 9
2 6
2 6
2 4
2 0
2 8
2 7
2 6
2 3
2 0
2 2
2 1
2 0
2 1
2 1
2 5
2 9
2 9
2 3
2 4
2 6
2 3
2 1
2 0
2 2
2 4
2 1
2 6
2 4
2 9
2 4
2 1
2 5
2 7
2 1
2 9
2 0
2 5
2 9
2 1
2 6
2 1
2 4
2 9
2 8
2 8
2 0
2 6
2 1
2 6
2 6
2 9
2 7
2 8
2 6
2 8
2 7
2 8
2 7
2 2
2 0
2 7
2 7
2 4
2 6
2 5
2 9
2 8
2 7
2 3
2 8
2 5
2 6
2 4
2 6
2 7
2 3
2 6
2 7
2 5
2 9
2 2
2 2
2 2
2 8
2 2
2 8
2 7
2 5
2 7
2 3
2 1
2 9
2 0
2 7
2 1
2 6
2 2
2 1
2 3
2 4
2 4
2 1
2 5
2 7
2 6
2 3
2 7
2 0
2 8
2 5
2 9
2 1
2 0
2 0
2 1
2 6
2 2
2 6
2 3
2 3
2 4
2 6
2 5
2 3
2 6
2 7
2 7
2 0
2 8
2 3
2 9
2 4
2 0
2 3
2 1
2 1
2 2
2 5
2 3
2 1
2 4
2 0
2 5
2 3
2 6
2 2
2 7
2 3
2 8
2 2
2 9
2 0
2 3
2 8
2 2
2 7
2 9
2 0
2 3
2 3
2 2
2 7
2 1
2 4
2 4
2 3
2 5
2 7
2 5
2 2
2 2
2 8
2 3
2 0
2 2
2 7
2 1
2 7
2 3
2 8
2 9
2 4
2 7
Correct Answer = 93
Success Rate: 0.093
