10000
building networks
Random Limit : 10
9999
finished a network
output error = [0.17155079]
9999
finished a network
output error = [0.10859373]
9999
finished a network
output error = [0.18793981]
9999
finished a network
output error = [0.11419819]
9999
finished a network
output error = [0.1169517]
9999
finished a network
output error = [0.15332059]
9999
finished a network
output error = [0.10684252]
9999
finished a network
output error = [0.1911929]
9999
finished a network
output error = [0.12784928]
9999
finished a network
output error = [0.10666111]
9999
finished a network
output error = [0.15721448]
9999
finished a network
output error = [0.10074282]
9999
finished a network
output error = [0.19314885]
9999
finished a network
output error = [0.10163521]
9999
finished a network
output error = [0.11764363]
9999
finished a network
output error = [0.11318268]
9999
finished a network
output error = [0.13148142]
9999
finished a network
output error = [0.10705916]
9999
finished a network
output error = [0.26209067]
9999
finished a network
output error = [0.10038551]
Couldn't find anything
[0.10038551] [0.13848425] 10
Start Deep Training
9999
19999
29999
39999
49999
Square error = [0.07623851]
9999
19999
29999
39999
49999
Square error = [0.06178504]
9999
19999
29999
39999
49999
Square error = [0.05337211]
9999
19999
29999
39999
49999
Square error = [0.04941779]
9999
19999
29999
39999
49999
Square error = [0.04708868]
9999
19999
29999
39999
49999
Square error = [0.04552432]
9999
19999
29999
39999
49999
Square error = [0.04446462]
9999
19999
29999
39999
49999
Square error = [0.04356132]
9999
19999
29999
39999
49999
Square error = [0.04289151]
9999
19999
29999
39999
49999
Square error = [0.04237734]
9999
19999
29999
39999
49999
Square error = [0.04186789]
9999
19999
29999
39999
49999
Square error = [0.04138336]
9999
19999
29999
39999
49999
Square error = [0.04104082]
9999
19999
29999
39999
49999
Square error = [0.04071583]
9999
19999
29999
39999
49999
Square error = [0.04043915]
9999
19999
29999
39999
49999
Square error = [0.0401475]
9999
19999
29999
39999
49999
Square error = [0.03995348]
9999
19999
29999
39999
49999
Square error = [0.03975458]
9999
19999
29999
39999
49999
Square error = [0.03955508]
9999
19999
29999
39999
49999
Square error = [0.03937334]
9999
19999
29999
39999
49999
Square error = [0.03919882]
9999
19999
29999
39999
49999
Square error = [0.03905976]
9999
19999
29999
39999
49999
Square error = [0.03884328]
9999
19999
29999
39999
49999
Square error = [0.0386949]
9999
19999
29999
39999
49999
Square error = [0.03858293]
9999
19999
29999
39999
49999
Square error = [0.03845212]
9999
19999
29999
39999
49999
Square error = [0.03830539]
9999
19999
29999
39999
49999
Square error = [0.03817369]
9999
19999
29999
39999
49999
Square error = [0.03807276]
9999
19999
29999
39999
49999
Square error = [0.03792493]
9999
19999
29999
39999
49999
Square error = [0.0378517]
9999
19999
29999
39999
49999
Square error = [0.03775128]
9999
19999
29999
39999
49999
Square error = [0.03768702]
9999
19999
29999
39999
49999
Square error = [0.03758323]
9999
19999
29999
39999
49999
Square error = [0.03748677]
9999
19999
29999
39999
49999
Square error = [0.03739729]
9999
19999
29999
39999
49999
Square error = [0.0373434]
9999
19999
29999
39999
49999
Square error = [0.03726577]
9999
19999
29999
39999
49999
Square error = [0.03719174]
9999
19999
29999
39999
49999
Square error = [0.03709797]
9999
19999
29999
39999
49999
Square error = [0.0370418]
9999
19999
29999
39999
49999
Square error = [0.03697504]
9999
19999
29999
39999
49999
Square error = [0.03690371]
9999
19999
29999
39999
49999
Square error = [0.03684432]
9999
19999
29999
39999
49999
Square error = [0.03679654]
9999
19999
29999
39999
49999
Square error = [0.03671123]
9999
19999
29999
39999
49999
Square error = [0.03665477]
9999
19999
29999
39999
49999
Square error = [0.03659056]
9999
19999
29999
39999
49999
Square error = [0.03655165]
9999
19999
29999
39999
49999
Square error = [0.03649053]
Start Validation Tests
3 3
2 8
6 6
5 9
6 6
2 4
5 5
3 3
4 8
7 4
5 5
2 2
3 3
2 8
5 4
2 8
1 1
5 5
0 0
5 5
7 9
7 7
5 4
1 1
5 0
6 3
0 0
6 6
2 2
7 9
7 9
6 4
1 1
5 3
6 6
3 8
0 0
7 7
7 7
6 6
3 8
7 9
0 0
3 3
2 8
3 3
7 7
7 7
5 8
2 4
5 4
1 1
2 2
7 9
6 8
1 1
1 1
0 0
6 6
6 6
5 5
0 0
1 1
1 1
7 7
2 2
7 7
3 3
1 1
5 4
0 0
5 5
0 0
6 6
2 8
7 7
6 6
5 8
5 9
3 9
5 4
0 0
6 6
1 1
3 9
2 2
6 6
2 3
1 9
0 4
3 4
6 5
6 6
6 6
1 1
7 7
2 2
5 8
6 6
7 9
7 7
0 0
5 9
1 1
6 6
2 2
2 8
3 3
6 6
6 4
5 9
5 5
2 8
6 6
1 8
7 7
3 8
5 8
6 6
5 9
5 1
7 7
6 6
0 0
5 9
6 6
7 7
0 0
5 9
7 7
1 1
3 3
6 6
3 8
5 4
6 6
1 1
7 7
5 5
1 1
3 3
3 3
5 5
7 7
7 9
5 9
6 6
7 7
3 3
6 4
1 1
0 0
7 4
2 2
5 4
5 5
0 0
0 0
1 1
6 6
6 6
2 4
2 7
5 9
7 4
6 6
5 5
2 2
6 6
6 9
5 8
2 8
2 8
5 5
7 9
3 3
3 8
5 9
1 8
4 8
0 8
3 3
7 4
7 4
7 3
0 0
5 9
5 5
5 4
5 4
1 1
4 8
5 0
6 6
1 1
3 3
2 2
0 0
3 8
6 6
0 0
3 3
0 5
6 4
5 9
0 0
3 3
1 1
0 0
5 9
3 3
2 2
2 3
3 3
3 3
7 7
6 4
5 9
2 2
1 1
6 6
2 2
1 1
5 5
7 7
1 1
6 9
7 7
0 9
7 2
2 2
5 8
1 1
5 7
7 7
0 0
0 0
1 1
2 8
0 9
0 0
6 6
6 6
0 4
7 7
7 9
7 8
2 2
5 9
1 1
5 5
2 2
5 5
3 3
7 7
7 7
0 0
0 0
3 8
2 2
3 3
1 1
3 3
5 5
1 1
3 3
6 6
0 4
3 8
7 7
6 6
2 2
3 8
1 1
2 8
6 6
6 6
5 8
7 7
6 5
6 6
0 0
7 4
5 8
5 4
6 9
3 3
2 2
3 3
6 6
2 2
0 0
1 1
1 1
6 6
2 2
5 5
3 3
0 0
5 4
3 3
5 5
1 8
6 6
5 9
7 7
3 8
0 8
3 3
5 9
0 0
0 0
3 3
1 1
3 4
2 2
5 5
5 3
6 9
6 4
0 5
5 5
3 5
6 6
0 0
7 7
1 1
5 8
0 0
7 9
3 3
0 0
0 5
1 1
2 2
2 2
3 3
5 3
1 1
6 4
2 3
5 5
0 8
6 6
0 0
7 7
2 8
6 8
2 2
0 9
1 1
7 7
5 5
0 0
0 0
1 6
1 1
0 0
7 9
1 7
7 7
3 3
1 1
5 8
3 3
7 7
7 5
1 1
2 2
6 3
7 7
0 7
3 3
7 9
3 3
7 7
7 7
5 4
3 3
0 0
7 7
2 2
7 7
3 5
7 9
0 0
2 9
6 6
5 4
5 4
3 0
7 9
7 7
5 8
1 8
5 5
2 1
1 1
5 5
5 5
1 1
3 3
6 6
7 3
1 1
0 4
5 5
0 0
6 9
5 5
5 8
5 4
5 3
1 8
3 9
0 6
7 4
5 3
6 6
5 4
5 5
1 8
5 5
0 0
0 0
5 6
1 7
6 4
6 6
5 8
5 5
5 3
6 4
6 4
0 0
0 0
7 9
1 1
7 7
5 9
7 7
2 2
3 8
7 7
0 0
2 9
2 2
1 1
2 8
2 2
7 4
5 5
2 2
1 1
2 2
7 7
5 5
2 2
6 9
6 8
5 5
5 7
7 9
0 0
7 7
1 1
7 4
0 9
7 7
6 6
5 3
7 4
1 1
7 9
2 2
2 2
0 0
1 1
2 2
2 2
0 0
3 3
1 1
7 7
5 5
0 0
5 4
2 2
7 7
1 1
7 9
3 3
0 0
1 1
6 6
2 2
2 2
5 5
1 1
2 8
3 3
1 1
6 4
6 6
2 2
5 8
2 6
5 5
2 2
6 6
6 4
0 0
3 8
5 8
3 8
5 9
3 3
7 4
0 0
6 9
7 7
2 2
7 9
0 0
4 8
1 1
0 0
2 2
7 9
3 3
5 8
3 4
5 8
5 5
0 0
3 8
5 7
7 9
2 2
0 0
5 5
1 1
0 0
2 2
7 9
3 3
2 2
5 4
2 8
5 5
1 1
6 6
6 8
7 7
3 3
7 8
6 6
7 9
3 9
0 0
5 3
1 1
0 9
2 2
5 4
3 3
0 0
7 4
6 2
5 5
5 5
2 8
3 1
5 5
5 5
2 2
2 2
1 1
5 9
7 7
6 6
2 2
1 1
3 4
2 6
1 1
0 0
3 4
6 6
1 1
6 6
3 4
5 5
7 9
6 6
6 6
5 8
7 8
6 6
5 4
1 1
5 5
5 5
3 3
5 8
3 7
5 4
7 8
1 1
7 4
6 6
3 3
6 6
3 3
7 7
5 5
6 4
0 0
5 6
6 6
7 7
1 1
6 6
6 6
5 5
2 8
2 8
7 7
0 0
0 0
0 0
1 1
2 1
5 5
3 8
6 6
0 4
0 0
0 0
7 8
2 2
5 5
2 2
0 0
2 3
6 6
1 1
1 1
7 7
5 5
5 5
2 8
1 1
5 4
0 0
7 7
7 4
6 6
3 3
7 9
7 8
1 1
5 5
7 9
7 7
7 7
6 6
1 1
7 7
2 2
6 6
3 3
3 3
6 4
2 2
5 5
2 2
5 5
1 1
3 3
3 3
7 7
1 1
3 3
0 0
1 1
5 9
7 8
3 3
2 2
5 5
2 2
7 8
3 3
5 4
2 2
6 0
7 7
7 9
7 4
7 2
7 9
2 8
7 9
7 4
6 2
7 7
2 8
7 7
1 1
7 9
7 8
5 4
3 3
3 8
5 8
2 2
3 3
3 5
6 6
2 2
7 7
2 2
0 0
5 9
5 4
3 3
0 0
5 3
0 0
7 7
1 1
7 7
2 2
6 5
3 3
2 2
5 4
5 8
5 5
0 8
6 6
7 7
7 7
2 2
5 8
5 9
2 9
2 2
0 0
0 0
1 1
7 9
2 2
5 9
3 3
7 2
5 4
5 9
5 5
7 7
6 6
2 8
7 7
5 5
6 8
5 5
5 9
5 5
0 0
3 3
1 1
1 1
2 2
0 0
3 3
6 6
5 4
5 5
3 5
6 6
6 6
5 5
7 7
5 9
2 8
5 5
6 9
1 1
2 1
3 8
3 8
7 7
6 6
7 7
7 7
3 7
1 1
2 9
1 1
5 5
6 4
3 2
3 3
0 0
7 7
0 9
5 9
0 0
3 3
6 6
6 6
2 2
0 0
3 2
3 3
7 9
6 6
6 6
3 4
0 0
3 8
7 7
6 6
3 3
0 0
2 2
6 1
0 0
1 1
1 1
5 5
7 9
5 9
3 3
1 4
6 6
0 3
1 1
0 0
2 2
3 4
1 1
6 6
5 4
7 9
3 4
1 1
5 5
7 7
1 1
7 9
0 0
5 5
5 9
1 1
6 6
1 1
5 4
7 9
3 8
5 8
0 0
6 6
1 1
6 6
6 6
7 9
7 7
2 8
6 6
3 8
7 7
2 8
7 7
2 2
0 0
7 7
0 7
5 4
6 6
5 5
5 9
3 8
7 7
3 3
3 8
5 5
6 6
5 4
2 6
7 7
3 3
6 6
7 7
5 5
5 9
2 2
2 2
2 2
3 8
2 2
5 8
7 7
5 5
7 7
3 3
1 1
3 9
0 0
7 7
1 1
6 6
2 2
1 1
3 3
5 4
5 4
1 1
5 5
7 7
6 6
3 3
7 7
0 0
5 8
5 5
7 9
1 1
0 0
0 0
1 1
6 6
2 2
6 6
3 3
3 3
0 4
6 6
5 5
3 3
6 6
7 7
7 7
0 0
2 8
3 3
7 9
7 4
0 0
3 3
1 1
1 1
2 2
5 5
3 3
1 1
7 4
0 0
5 5
3 3
6 6
2 2
7 7
3 3
3 8
2 2
6 9
0 0
3 3
5 8
2 2
3 7
7 9
0 0
3 3
3 3
2 2
7 7
1 1
7 4
5 4
3 3
5 5
7 7
5 5
2 2
2 2
2 8
3 3
0 0
2 2
7 7
1 1
3 7
3 3
2 8
6 9
5 4
7 7
Correct Answer = 641
Success Rate: 0.641
