10000
building networks
Random Limit : 10
9999
finished a network
output error = [0.14358099]
9999
finished a network
output error = [0.18311803]
9999
finished a network
output error = [0.18086523]
9999
finished a network
output error = [0.10788533]
9999
finished a network
output error = [0.19894441]
9999
finished a network
output error = [0.11557638]
9999
finished a network
output error = [0.11320445]
9999
finished a network
output error = [0.11070317]
9999
finished a network
output error = [0.10237566]
9999
finished a network
output error = [0.11086196]
9999
finished a network
output error = [0.18455295]
9999
finished a network
output error = [0.17145321]
9999
finished a network
output error = [0.2799499]
9999
finished a network
output error = [0.11867727]
9999
finished a network
output error = [0.19881904]
9999
finished a network
output error = [0.12099707]
9999
finished a network
output error = [0.10807118]
9999
finished a network
output error = [0.1787608]
9999
finished a network
output error = [0.0989323]
9999
finished a network
output error = [0.1991408]
Couldn't find anything
[0.0989323] [0.15132351] 10
Start Deep Training
9999
19999
29999
39999
49999
Square error = [0.08318337]
9999
19999
29999
39999
49999
Square error = [0.06403595]
9999
19999
29999
39999
49999
Square error = [0.05142235]
9999
19999
29999
39999
49999
Square error = [0.0472365]
9999
19999
29999
39999
49999
Square error = [0.04499139]
9999
19999
29999
39999
49999
Square error = [0.04383452]
9999
19999
29999
39999
49999
Square error = [0.04294495]
9999
19999
29999
39999
49999
Square error = [0.04213128]
9999
19999
29999
39999
49999
Square error = [0.04169626]
9999
19999
29999
39999
49999
Square error = [0.04088074]
9999
19999
29999
39999
49999
Square error = [0.04067963]
9999
19999
29999
39999
49999
Square error = [0.07452204]
9999
19999
29999
39999
49999
Square error = [0.08837788]
9999
19999
29999
39999
49999
Square error = [0.09548523]
9999
19999
29999
39999
49999
Square error = [0.0963352]
9999
19999
29999
39999
49999
Square error = [0.09472694]
9999
19999
29999
39999
49999
Square error = [0.09980669]
9999
19999
29999
39999
49999
Square error = [0.1]
9999
19999
29999
39999
49999
Square error = [0.1]
9999
19999
29999
39999
49999
Square error = [0.1]
9999
19999
29999
39999
49999
Square error = [0.09999999]
9999
19999
29999
39999
49999
Square error = [0.10000518]
9999
19999
29999
39999
49999
Square error = [0.1]
9999
19999
29999
39999
49999
Square error = [0.1]
9999
19999
29999
39999
49999
Square error = [0.1]
9999
19999
29999
39999
49999
Square error = [0.1]
9999
19999
29999
39999
49999
Square error = [0.1]
9999
19999
29999
39999
49999
Square error = [0.1]
9999
19999
29999
39999
49999
Square error = [0.1]
9999
19999
29999
39999
49999
Square error = [0.1]
9999
19999
29999
39999
49999
Square error = [0.1]
9999
19999
29999
39999
49999
Square error = [0.1]
9999
19999
29999
39999
49999
Square error = [0.1]
9999
19999
29999
39999
49999
Square error = [0.1]
9999
19999
29999
39999
49999
Square error = [0.1]
9999
19999
29999
39999
49999
Square error = [0.1]
9999
19999
29999
39999
49999
Square error = [0.1]
9999
19999
29999
39999
49999
Square error = [0.1]
9999
19999
29999
39999
49999
Square error = [0.1]
9999
19999
29999
39999
49999
Square error = [0.1]
9999
19999
29999
39999
49999
Square error = [0.09999999]
9999
19999
29999
39999
49999
Square error = [0.10004615]
9999
19999
29999
39999
49999
Square error = [0.1]
9999
19999
29999
39999
49999
Square error = [0.11725193]
9999
19999
29999
39999
49999
Square error = [0.180564]
9999
19999
29999
39999
49999
Square error = [0.180564]
9999
19999
29999
39999
49999
Square error = [0.180564]
9999
19999
29999
39999
49999
Square error = [0.180564]
9999
19999
29999
39999
49999
Square error = [0.180564]
9999
19999
29999
39999
49999
Square error = [0.180564]
Start Validation Tests
4 3
4 8
4 6
4 9
4 6
4 4
4 5
4 3
4 8
4 4
4 5
4 2
4 3
4 8
4 4
4 8
4 1
4 5
4 0
4 5
4 9
4 7
4 4
4 1
4 0
4 3
4 0
4 6
4 2
4 9
4 9
4 4
4 1
4 3
4 6
4 8
4 0
4 7
4 7
4 6
4 8
4 9
4 0
4 3
4 8
4 3
4 7
4 7
4 8
4 4
4 4
4 1
4 2
4 9
4 8
4 1
4 1
4 0
4 6
4 6
4 5
4 0
4 1
4 1
4 7
4 2
4 7
4 3
4 1
4 4
4 0
4 5
4 0
4 6
4 8
4 7
4 6
4 8
4 9
4 9
4 4
4 0
4 6
4 1
4 9
4 2
4 6
4 3
4 9
4 4
4 4
4 5
4 6
4 6
4 1
4 7
4 2
4 8
4 6
4 9
4 7
4 0
4 9
4 1
4 6
4 2
4 8
4 3
4 6
4 4
4 9
4 5
4 8
4 6
4 8
4 7
4 8
4 8
4 6
4 9
4 1
4 7
4 6
4 0
4 9
4 6
4 7
4 0
4 9
4 7
4 1
4 3
4 6
4 8
4 4
4 6
4 1
4 7
4 5
4 1
4 3
4 3
4 5
4 7
4 9
4 9
4 6
4 7
4 3
4 4
4 1
4 0
4 4
4 2
4 4
4 5
4 0
4 0
4 1
4 6
4 6
4 4
4 7
4 9
4 4
4 6
4 5
4 2
4 6
4 9
4 8
4 8
4 8
4 5
4 9
4 3
4 8
4 9
4 8
4 8
4 8
4 3
4 4
4 4
4 3
4 0
4 9
4 5
4 4
4 4
4 1
4 8
4 0
4 6
4 1
4 3
4 2
4 0
4 8
4 6
4 0
4 3
4 5
4 4
4 9
4 0
4 3
4 1
4 0
4 9
4 3
4 2
4 3
4 3
4 3
4 7
4 4
4 9
4 2
4 1
4 6
4 2
4 1
4 5
4 7
4 1
4 9
4 7
4 9
4 2
4 2
4 8
4 1
4 7
4 7
4 0
4 0
4 1
4 8
4 9
4 0
4 6
4 6
4 4
4 7
4 9
4 8
4 2
4 9
4 1
4 5
4 2
4 5
4 3
4 7
4 7
4 0
4 0
4 8
4 2
4 3
4 1
4 3
4 5
4 1
4 3
4 6
4 4
4 8
4 7
4 6
4 2
4 8
4 1
4 8
4 6
4 6
4 8
4 7
4 5
4 6
4 0
4 4
4 8
4 4
4 9
4 3
4 2
4 3
4 6
4 2
4 0
4 1
4 1
4 6
4 2
4 5
4 3
4 0
4 4
4 3
4 5
4 8
4 6
4 9
4 7
4 8
4 8
4 3
4 9
4 0
4 0
4 3
4 1
4 4
4 2
4 5
4 3
4 9
4 4
4 5
4 5
4 5
4 6
4 0
4 7
4 1
4 8
4 0
4 9
4 3
4 0
4 5
4 1
4 2
4 2
4 3
4 3
4 1
4 4
4 3
4 5
4 8
4 6
4 0
4 7
4 8
4 8
4 2
4 9
4 1
4 7
4 5
4 0
4 0
4 6
4 1
4 0
4 9
4 7
4 7
4 3
4 1
4 8
4 3
4 7
4 5
4 1
4 2
4 3
4 7
4 7
4 3
4 9
4 3
4 7
4 7
4 4
4 3
4 0
4 7
4 2
4 7
4 5
4 9
4 0
4 9
4 6
4 4
4 4
4 0
4 9
4 7
4 8
4 8
4 5
4 1
4 1
4 5
4 5
4 1
4 3
4 6
4 3
4 1
4 4
4 5
4 0
4 9
4 5
4 8
4 4
4 3
4 8
4 9
4 6
4 4
4 3
4 6
4 4
4 5
4 8
4 5
4 0
4 0
4 6
4 7
4 4
4 6
4 8
4 5
4 3
4 4
4 4
4 0
4 0
4 9
4 1
4 7
4 9
4 7
4 2
4 8
4 7
4 0
4 9
4 2
4 1
4 8
4 2
4 4
4 5
4 2
4 1
4 2
4 7
4 5
4 2
4 9
4 8
4 5
4 7
4 9
4 0
4 7
4 1
4 4
4 9
4 7
4 6
4 3
4 4
4 1
4 9
4 2
4 2
4 0
4 1
4 2
4 2
4 0
4 3
4 1
4 7
4 5
4 0
4 4
4 2
4 7
4 1
4 9
4 3
4 0
4 1
4 6
4 2
4 2
4 5
4 1
4 8
4 3
4 1
4 4
4 6
4 2
4 8
4 6
4 5
4 2
4 6
4 4
4 0
4 8
4 8
4 8
4 9
4 3
4 4
4 0
4 9
4 7
4 2
4 9
4 0
4 8
4 1
4 0
4 2
4 9
4 3
4 8
4 4
4 8
4 5
4 0
4 8
4 7
4 9
4 2
4 0
4 5
4 1
4 0
4 2
4 9
4 3
4 2
4 4
4 8
4 5
4 1
4 6
4 8
4 7
4 3
4 8
4 6
4 9
4 9
4 0
4 3
4 1
4 9
4 2
4 4
4 3
4 0
4 4
4 2
4 5
4 5
4 8
4 1
4 5
4 5
4 2
4 2
4 1
4 9
4 7
4 6
4 2
4 1
4 4
4 6
4 1
4 0
4 4
4 6
4 1
4 6
4 4
4 5
4 9
4 6
4 6
4 8
4 8
4 6
4 4
4 1
4 5
4 5
4 3
4 8
4 7
4 4
4 8
4 1
4 4
4 6
4 3
4 6
4 3
4 7
4 5
4 4
4 0
4 6
4 6
4 7
4 1
4 6
4 6
4 5
4 8
4 8
4 7
4 0
4 0
4 0
4 1
4 1
4 5
4 8
4 6
4 4
4 0
4 0
4 8
4 2
4 5
4 2
4 0
4 3
4 6
4 1
4 1
4 7
4 5
4 5
4 8
4 1
4 4
4 0
4 7
4 4
4 6
4 3
4 9
4 8
4 1
4 5
4 9
4 7
4 7
4 6
4 1
4 7
4 2
4 6
4 3
4 3
4 4
4 2
4 5
4 2
4 5
4 1
4 3
4 3
4 7
4 1
4 3
4 0
4 1
4 9
4 8
4 3
4 2
4 5
4 2
4 8
4 3
4 4
4 2
4 0
4 7
4 9
4 4
4 2
4 9
4 8
4 9
4 4
4 2
4 7
4 8
4 7
4 1
4 9
4 8
4 4
4 3
4 8
4 8
4 2
4 3
4 5
4 6
4 2
4 7
4 2
4 0
4 9
4 4
4 3
4 0
4 3
4 0
4 7
4 1
4 7
4 2
4 5
4 3
4 2
4 4
4 8
4 5
4 8
4 6
4 7
4 7
4 2
4 8
4 9
4 9
4 2
4 0
4 0
4 1
4 9
4 2
4 9
4 3
4 2
4 4
4 9
4 5
4 7
4 6
4 8
4 7
4 5
4 8
4 5
4 9
4 5
4 0
4 3
4 1
4 1
4 2
4 0
4 3
4 6
4 4
4 5
4 5
4 6
4 6
4 5
4 7
4 9
4 8
4 5
4 9
4 1
4 1
4 8
4 8
4 7
4 6
4 7
4 7
4 7
4 1
4 9
4 1
4 5
4 4
4 2
4 3
4 0
4 7
4 9
4 9
4 0
4 3
4 6
4 6
4 2
4 0
4 2
4 3
4 9
4 6
4 6
4 4
4 0
4 8
4 7
4 6
4 3
4 0
4 2
4 1
4 0
4 1
4 1
4 5
4 9
4 9
4 3
4 4
4 6
4 3
4 1
4 0
4 2
4 4
4 1
4 6
4 4
4 9
4 4
4 1
4 5
4 7
4 1
4 9
4 0
4 5
4 9
4 1
4 6
4 1
4 4
4 9
4 8
4 8
4 0
4 6
4 1
4 6
4 6
4 9
4 7
4 8
4 6
4 8
4 7
4 8
4 7
4 2
4 0
4 7
4 7
4 4
4 6
4 5
4 9
4 8
4 7
4 3
4 8
4 5
4 6
4 4
4 6
4 7
4 3
4 6
4 7
4 5
4 9
4 2
4 2
4 2
4 8
4 2
4 8
4 7
4 5
4 7
4 3
4 1
4 9
4 0
4 7
4 1
4 6
4 2
4 1
4 3
4 4
4 4
4 1
4 5
4 7
4 6
4 3
4 7
4 0
4 8
4 5
4 9
4 1
4 0
4 0
4 1
4 6
4 2
4 6
4 3
4 3
4 4
4 6
4 5
4 3
4 6
4 7
4 7
4 0
4 8
4 3
4 9
4 4
4 0
4 3
4 1
4 1
4 2
4 5
4 3
4 1
4 4
4 0
4 5
4 3
4 6
4 2
4 7
4 3
4 8
4 2
4 9
4 0
4 3
4 8
4 2
4 7
4 9
4 0
4 3
4 3
4 2
4 7
4 1
4 4
4 4
4 3
4 5
4 7
4 5
4 2
4 2
4 8
4 3
4 0
4 2
4 7
4 1
4 7
4 3
4 8
4 9
4 4
4 7
Correct Answer = 89
Success Rate: 0.089
