10000
building networks
Random Limit : 10
99
199
299
399
499
599
699
799
899
999
1099
1199
1299
1399
1499
1599
1699
1799
1899
1999
2099
2199
2299
2399
2499
2599
2699
2799
2899
2999
3099
3199
3299
3399
3499
3599
3699
3799
3899
3999
4099
4199
4299
4399
4499
4599
4699
4799
4899
4999
finished a network
output error = [ 0.2915356]
99
199
299
399
499
599
699
799
899
999
1099
1199
1299
1399
1499
1599
1699
1799
1899
1999
2099
2199
2299
2399
2499
2599
2699
2799
2899
2999
3099
3199
3299
3399
3499
3599
3699
3799
3899
3999
4099
4199
4299
4399
4499
4599
4699
4799
4899
4999
finished a network
output error = [ 0.19363476]
99
199
299
399
499
599
699
799
899
999
1099
1199
1299
1399
1499
1599
1699
1799
1899
1999
2099
2199
2299
2399
2499
2599
2699
2799
2899
2999
3099
3199
3299
3399
3499
3599
3699
3799
3899
3999
4099
4199
4299
4399
4499
4599
4699
4799
4899
4999
finished a network
output error = [ 0.24988002]
99
199
299
399
499
599
699
799
899
999
1099
1199
1299
1399
1499
1599
1699
1799
1899
1999
2099
2199
2299
2399
2499
2599
2699
2799
2899
2999
3099
3199
3299
3399
3499
3599
3699
3799
3899
3999
4099
4199
4299
4399
4499
4599
4699
4799
4899
4999
finished a network
output error = [ 0.15153791]
99
199
299
399
499
599
699
799
899
999
1099
1199
1299
1399
1499
1599
1699
1799
1899
1999
2099
2199
2299
2399
2499
2599
2699
2799
2899
2999
3099
3199
3299
3399
3499
3599
3699
3799
3899
3999
4099
4199
4299
4399
4499
4599
4699
4799
4899
4999
finished a network
output error = [ 0.28595167]
99
199
299
399
499
599
699
799
899
999
1099
1199
1299
1399
1499
1599
1699
1799
1899
1999
2099
2199
2299
2399
2499
2599
2699
2799
2899
2999
3099
3199
3299
3399
3499
3599
3699
3799
3899
3999
4099
4199
4299
4399
4499
4599
4699
4799
4899
4999
finished a network
output error = [ 0.22061651]
99
199
299
399
499
599
699
799
899
999
1099
1199
1299
1399
1499
1599
1699
1799
1899
1999
2099
2199
2299
2399
2499
2599
2699
2799
2899
2999
3099
3199
3299
3399
3499
3599
3699
3799
3899
3999
4099
4199
4299
4399
4499
4599
4699
4799
4899
4999
finished a network
output error = [ 0.18533808]
99
199
299
399
499
599
699
799
899
999
1099
1199
1299
1399
1499
1599
1699
1799
1899
1999
2099
2199
2299
2399
2499
2599
2699
2799
2899
2999
3099
3199
3299
3399
3499
3599
3699
3799
3899
3999
4099
4199
4299
4399
4499
4599
4699
4799
4899
4999
finished a network
output error = [ 0.161786]
99
199
299
399
499
599
699
799
899
999
1099
1199
1299
1399
1499
1599
1699
1799
1899
1999
2099
2199
2299
2399
2499
2599
2699
2799
2899
2999
3099
3199
3299
3399
3499
3599
3699
3799
3899
3999
4099
4199
4299
4399
4499
4599
4699
4799
4899
4999
finished a network
output error = [ 0.38278411]
99
199
299
399
499
599
699
799
899
999
1099
1199
1299
1399
1499
1599
1699
1799
1899
1999
2099
2199
2299
2399
2499
2599
2699
2799
2899
2999
3099
3199
3299
3399
3499
3599
3699
3799
3899
3999
4099
4199
4299
4399
4499
4599
4699
4799
4899
4999
finished a network
output error = [ 0.35475802]
Couldn't find anything
[ 0.15153791] [ 0.24778227] 10
Start Deep Training
99
199
299
399
499
599
699
799
899
999
1099
1199
1299
1399
1499
1599
1699
1799
1899
1999
2099
2199
2299
2399
2499
2599
2699
2799
2899
2999
3099
3199
3299
3399
3499
3599
3699
3799
3899
3999
4099
4199
4299
4399
4499
4599
4699
4799
4899
4999
5099
5199
5299
5399
5499
5599
5699
5799
5899
5999
6099
6199
6299
6399
6499
6599
6699
6799
6899
6999
7099
7199
7299
7399
7499
7599
7699
7799
7899
7999
8099
8199
8299
8399
8499
8599
8699
8799
8899
8999
9099
9199
9299
9399
9499
9599
9699
9799
9899
9999
10099
10199
10299
10399
10499
10599
10699
10799
10899
10999
11099
11199
11299
11399
11499
11599
11699
11799
11899
11999
12099
12199
12299
12399
12499
12599
12699
12799
12899
12999
13099
13199
13299
13399
13499
13599
13699
13799
13899
13999
14099
14199
14299
14399
14499
14599
14699
14799
14899
14999
15099
15199
15299
15399
15499
15599
15699
15799
15899
15999
16099
16199
16299
16399
16499
16599
16699
16799
16899
16999
17099
17199
17299
17399
17499
17599
17699
17799
17899
17999
18099
18199
18299
18399
18499
18599
18699
18799
18899
18999
19099
19199
19299
19399
19499
19599
19699
19799
19899
19999
20099
20199
20299
20399
20499
20599
20699
20799
20899
20999
21099
21199
21299
21399
21499
21599
21699
21799
21899
21999
22099
22199
22299
22399
22499
22599
22699
22799
22899
22999
23099
23199
23299
23399
23499
23599
23699
23799
23899
23999
24099
24199
24299
24399
24499
24599
24699
24799
24899
24999
25099
25199
25299
25399
25499
25599
25699
25799
25899
25999
26099
26199
26299
26399
26499
26599
26699
26799
26899
26999
27099
27199
27299
27399
27499
27599
27699
27799
27899
27999
28099
28199
28299
28399
28499
28599
28699
28799
28899
28999
29099
29199
29299
29399
29499
29599
29699
29799
29899
29999
30099
30199
30299
30399
30499
30599
30699
30799
30899
30999
31099
31199
31299
31399
31499
31599
31699
31799
31899
31999
32099
32199
32299
32399
32499
32599
32699
32799
32899
32999
33099
33199
33299
33399
33499
33599
33699
33799
33899
33999
34099
34199
34299
34399
34499
34599
34699
34799
34899
34999
35099
35199
35299
35399
35499
35599
35699
35799
35899
35999
36099
36199
36299
36399
36499
36599
36699
36799
36899
36999
37099
37199
37299
37399
37499
37599
37699
37799
37899
37999
38099
38199
38299
38399
38499
38599
38699
38799
38899
38999
39099
39199
39299
39399
39499
39599
39699
39799
39899
39999
40099
40199
40299
40399
40499
40599
40699
40799
40899
40999
41099
41199
41299
41399
41499
41599
41699
41799
41899
41999
42099
42199
42299
42399
42499
42599
42699
42799
42899
42999
43099
43199
43299
43399
43499
43599
43699
43799
43899
43999
44099
44199
44299
44399
44499
44599
44699
44799
44899
44999
45099
45199
45299
45399
45499
45599
45699
45799
45899
45999
46099
46199
46299
46399
46499
46599
46699
46799
46899
46999
47099
47199
47299
47399
47499
47599
47699
47799
47899
47999
48099
48199
48299
48399
48499
48599
48699
48799
48899
48999
49099
49199
49299
49399
49499
49599
49699
49799
49899
49999
Square error = [ 0.09720304]
99
199
299
399
499
599
699
799
899
999
1099
1199
1299
1399
1499
1599
1699
1799
1899
1999
2099
2199
2299
2399
2499
2599
2699
2799
2899
2999
3099
3199
3299
3399
3499
3599
3699
3799
3899
3999
4099
4199
4299
4399
4499
4599
4699
4799
4899
4999
5099
5199
5299
5399
5499
5599
5699
5799
5899
5999
6099
6199
6299
6399
6499
6599
6699
6799
6899
6999
7099
7199
7299
7399
7499
7599
7699
7799
7899
7999
8099
8199
8299
8399
8499
8599
8699
8799
8899
8999
9099
9199
9299
9399
9499
9599
9699
9799
9899
9999
10099
10199
10299
10399
10499
10599
10699
10799
10899
10999
11099
11199
11299
11399
11499
11599
11699
11799
11899
11999
12099
12199
12299
12399
12499
12599
12699
12799
12899
12999
13099
13199
13299
13399
13499
13599
13699
13799
13899
13999
14099
14199
14299
14399
14499
14599
14699
14799
14899
14999
15099
15199
15299
15399
15499
15599
15699
15799
15899
15999
16099
16199
16299
16399
16499
16599
16699
16799
16899
16999
17099
17199
17299
17399
17499
17599
17699
17799
17899
17999
18099
18199
18299
18399
18499
18599
18699
18799
18899
18999
19099
19199
19299
19399
19499
19599
19699
19799
19899
19999
20099
20199
20299
20399
20499
20599
20699
20799
20899
20999
21099
21199
21299
21399
21499
21599
21699
21799
21899
21999
22099
22199
22299
22399
22499
22599
22699
22799
22899
22999
23099
23199
23299
23399
23499
23599
23699
23799
23899
23999
24099
24199
24299
24399
24499
24599
24699
24799
24899
24999
25099
25199
25299
25399
25499
25599
25699
25799
25899
25999
26099
26199
26299
26399
26499
26599
26699
26799
26899
26999
27099
27199
27299
27399
27499
27599
27699
27799
27899
27999
28099
28199
28299
28399
28499
28599
28699
28799
28899
28999
29099
29199
29299
29399
29499
29599
29699
29799
29899
29999
30099
30199
30299
30399
30499
30599
30699
30799
30899
30999
31099
31199
31299
31399
31499
31599
31699
31799
31899
31999
32099
32199
32299
32399
32499
32599
32699
32799
32899
32999
33099
33199
33299
33399
33499
33599
33699
33799
33899
33999
34099
34199
34299
34399
34499
34599
34699
34799
34899
34999
35099
35199
35299
35399
35499
35599
35699
35799
35899
35999
36099
36199
36299
36399
36499
36599
36699
36799
36899
36999
37099
37199
37299
37399
37499
37599
37699
37799
37899
37999
38099
38199
38299
38399
38499
38599
38699
38799
38899
38999
39099
39199
39299
39399
39499
39599
39699
39799
39899
39999
40099
40199
40299
40399
40499
40599
40699
40799
40899
40999
41099
41199
41299
41399
41499
41599
41699
41799
41899
41999
42099
42199
42299
42399
42499
42599
42699
42799
42899
42999
43099
43199
43299
43399
43499
43599
43699
43799
43899
43999
44099
44199
44299
44399
44499
44599
44699
44799
44899
44999
45099
45199
45299
45399
45499
45599
45699
45799
45899
45999
46099
46199
46299
46399
46499
46599
46699
46799
46899
46999
47099
47199
47299
47399
47499
47599
47699
47799
47899
47999
48099
48199
48299
48399
48499
48599
48699
48799
48899
48999
49099
49199
49299
49399
49499
49599
49699
49799
49899
49999
Square error = [ 0.09078763]
99
199
299
399
499
599
699
799
899
999
1099
1199
1299
1399
1499
1599
1699
1799
1899
1999
2099
2199
2299
2399
2499
2599
2699
2799
2899
2999
3099
3199
3299
3399
3499
3599
3699
3799
3899
3999
4099
4199
4299
4399
4499
4599
4699
4799
4899
4999
5099
5199
5299
5399
5499
5599
5699
5799
5899
5999
6099
6199
6299
6399
6499
6599
6699
6799
6899
6999
7099
7199
7299
7399
7499
7599
7699
7799
7899
7999
8099
8199
8299
8399
8499
8599
8699
8799
8899
8999
9099
9199
9299
9399
9499
9599
9699
9799
9899
9999
10099
10199
10299
10399
10499
10599
10699
10799
10899
10999
11099
11199
11299
11399
11499
11599
11699
11799
11899
11999
12099
12199
12299
12399
12499
12599
12699
12799
12899
12999
13099
13199
13299
13399
13499
13599
13699
13799
13899
13999
14099
14199
14299
14399
14499
14599
14699
14799
14899
14999
15099
15199
15299
15399
15499
15599
15699
15799
15899
15999
16099
16199
16299
16399
16499
16599
16699
16799
16899
16999
17099
17199
17299
17399
17499
17599
17699
17799
17899
17999
18099
18199
18299
18399
18499
18599
18699
18799
18899
18999
19099
19199
19299
19399
19499
19599
19699
19799
19899
19999
20099
20199
20299
20399
20499
20599
20699
20799
20899
20999
21099
21199
21299
21399
21499
21599
21699
21799
21899
21999
22099
22199
22299
22399
22499
22599
22699
22799
22899
22999
23099
23199
23299
23399
23499
23599
23699
23799
23899
23999
24099
24199
24299
24399
24499
24599
24699
24799
24899
24999
25099
25199
25299
25399
25499
25599
25699
25799
25899
25999
26099
26199
26299
26399
26499
26599
26699
26799
26899
26999
27099
27199
27299
27399
27499
27599
27699
27799
27899
27999
28099
28199
28299
28399
28499
28599
28699
28799
28899
28999
29099
29199
29299
29399
29499
29599
29699
29799
29899
29999
30099
30199
30299
30399
30499
30599
30699
30799
30899
30999
31099
31199
31299
31399
31499
31599
31699
31799
31899
31999
32099
32199
32299
32399
32499
32599
32699
32799
32899
32999
33099
33199
33299
33399
33499
33599
33699
33799
33899
33999
34099
34199
34299
34399
34499
34599
34699
34799
34899
34999
35099
35199
35299
35399
35499
35599
35699
35799
35899
35999
36099
36199
36299
36399
36499
36599
36699
36799
36899
36999
37099
37199
37299
37399
37499
37599
37699
37799
37899
37999
38099
38199
38299
38399
38499
38599
38699
38799
38899
38999
39099
39199
39299
39399
39499
39599
39699
39799
39899
39999
40099
40199
40299
40399
40499
40599
40699
40799
40899
40999
41099
41199
41299
41399
41499
41599
41699
41799
41899
41999
42099
42199
42299
42399
42499
42599
42699
42799
42899
42999
43099
43199
43299
43399
43499
43599
43699
43799
43899
43999
44099
44199
44299
44399
44499
44599
44699
44799
44899
44999
45099
45199
45299
45399
45499
45599
45699
45799
45899
45999
46099
46199
46299
46399
46499
46599
46699
46799
46899
46999
47099
47199
47299
47399
47499
47599
47699
47799
47899
47999
48099
48199
48299
48399
48499
48599
48699
48799
48899
48999
49099
49199
49299
49399
49499
49599
49699
49799
49899
49999
Square error = [ 0.08743608]
99
199
299
399
499
599
699
799
899
999
1099
1199
1299
1399
1499
1599
1699
1799
1899
1999
2099
2199
2299
2399
2499
2599
2699
2799
2899
2999
3099
3199
3299
3399
3499
3599
3699
3799
3899
3999
4099
4199
4299
4399
4499
4599
4699
4799
4899
4999
5099
5199
5299
5399
5499
5599
5699
5799
5899
5999
6099
6199
6299
6399
6499
6599
6699
6799
6899
6999
7099
7199
7299
7399
7499
7599
7699
7799
7899
7999
8099
8199
8299
8399
8499
8599
8699
8799
8899
8999
9099
9199
9299
9399
9499
9599
9699
9799
9899
9999
10099
10199
10299
10399
10499
10599
10699
10799
10899
10999
11099
11199
11299
11399
11499
11599
11699
11799
11899
11999
12099
12199
12299
12399
12499
12599
12699
12799
12899
12999
13099
13199
13299
13399
13499
13599
13699
13799
13899
13999
14099
14199
14299
14399
14499
14599
14699
14799
14899
14999
15099
15199
15299
15399
15499
15599
15699
15799
15899
15999
16099
16199
16299
16399
16499
16599
16699
16799
16899
16999
17099
17199
17299
17399
17499
17599
17699
17799
17899
17999
18099
18199
18299
18399
18499
18599
18699
18799
18899
18999
19099
19199
19299
19399
19499
19599
19699
19799
19899
19999
20099
20199
20299
20399
20499
20599
20699
20799
20899
20999
21099
21199
21299
21399
21499
21599
21699
21799
21899
21999
22099
22199
22299
22399
22499
22599
22699
22799
22899
22999
23099
23199
23299
23399
23499
23599
23699
23799
23899
23999
24099
24199
24299
24399
24499
24599
24699
24799
24899
24999
25099
25199
25299
25399
25499
25599
25699
25799
25899
25999
26099
26199
26299
26399
26499
26599
26699
26799
26899
26999
27099
27199
27299
27399
27499
27599
27699
27799
27899
27999
28099
28199
28299
28399
28499
28599
28699
28799
28899
28999
29099
29199
29299
29399
29499
29599
29699
29799
29899
29999
30099
30199
30299
30399
30499
30599
30699
30799
30899
30999
31099
31199
31299
31399
31499
31599
31699
31799
31899
31999
32099
32199
32299
32399
32499
32599
32699
32799
32899
32999
33099
33199
33299
33399
33499
33599
33699
33799
33899
33999
34099
34199
34299
34399
34499
34599
34699
34799
34899
34999
35099
35199
35299
35399
35499
35599
35699
35799
35899
35999
36099
36199
36299
36399
36499
36599
36699
36799
36899
36999
37099
37199
37299
37399
37499
37599
37699
37799
37899
37999
38099
38199
38299
38399
38499
38599
38699
38799
38899
38999
39099
39199
39299
39399
39499
39599
39699
39799
39899
39999
40099
40199
40299
40399
40499
40599
40699
40799
40899
40999
41099
41199
41299
41399
41499
41599
41699
41799
41899
41999
42099
42199
42299
42399
42499
42599
42699
42799
42899
42999
43099
43199
43299
43399
43499
43599
43699
43799
43899
43999
44099
44199
44299
44399
44499
44599
44699
44799
44899
44999
45099
45199
45299
45399
45499
45599
45699
45799
45899
45999
46099
46199
46299
46399
46499
46599
46699
46799
46899
46999
47099
47199
47299
47399
47499
47599
47699
47799
47899
47999
48099
48199
48299
48399
48499
48599
48699
48799
48899
48999
49099
49199
49299
49399
49499
49599
49699
49799
49899
49999
Square error = [ 0.08514462]
99
199
299
399
499
599
699
799
899
999
1099
1199
1299
1399
1499
1599
1699
1799
1899
1999
2099
2199
2299
2399
2499
2599
2699
2799
2899
2999
3099
3199
3299
3399
3499
3599
3699
3799
3899
3999
4099
4199
4299
4399
4499
4599
4699
4799
4899
4999
5099
5199
5299
5399
5499
5599
5699
5799
5899
5999
6099
6199
6299
6399
6499
6599
6699
6799
6899
6999
7099
7199
7299
7399
7499
7599
7699
7799
7899
7999
8099
8199
8299
8399
8499
8599
8699
8799
8899
8999
9099
9199
9299
9399
9499
9599
9699
9799
9899
9999
10099
10199
10299
10399
10499
10599
10699
10799
10899
10999
11099
11199
11299
11399
11499
11599
11699
11799
11899
11999
12099
12199
12299
12399
12499
12599
12699
12799
12899
12999
13099
13199
13299
13399
13499
13599
13699
13799
13899
13999
14099
14199
14299
14399
14499
14599
14699
14799
14899
14999
15099
15199
15299
15399
15499
15599
15699
15799
15899
15999
16099
16199
16299
16399
16499
16599
16699
16799
16899
16999
17099
17199
17299
17399
17499
17599
17699
17799
17899
17999
18099
18199
18299
18399
18499
18599
18699
18799
18899
18999
19099
19199
19299
19399
19499
19599
19699
19799
19899
19999
20099
20199
20299
20399
20499
20599
20699
20799
20899
20999
21099
21199
21299
21399
21499
21599
21699
21799
21899
21999
22099
22199
22299
22399
22499
22599
22699
22799
22899
22999
23099
23199
23299
23399
23499
23599
23699
23799
23899
23999
24099
24199
24299
24399
24499
24599
24699
24799
24899
24999
25099
25199
25299
25399
25499
25599
25699
25799
25899
25999
26099
26199
26299
26399
26499
26599
26699
26799
26899
26999
27099
27199
27299
27399
27499
27599
27699
27799
27899
27999
28099
28199
28299
28399
28499
28599
28699
28799
28899
28999
29099
29199
29299
29399
29499
29599
29699
29799
29899
29999
30099
30199
30299
30399
30499
30599
30699
30799
30899
30999
31099
31199
31299
31399
31499
31599
31699
31799
31899
31999
32099
32199
32299
32399
32499
32599
32699
32799
32899
32999
33099
33199
33299
33399
33499
33599
33699
33799
33899
33999
34099
34199
34299
34399
34499
34599
34699
34799
34899
34999
35099
35199
35299
35399
35499
35599
35699
35799
35899
35999
36099
36199
36299
36399
36499
36599
36699
36799
36899
36999
37099
37199
37299
37399
37499
37599
37699
37799
37899
37999
38099
38199
38299
38399
38499
38599
38699
38799
38899
38999
39099
39199
39299
39399
39499
39599
39699
39799
39899
39999
40099
40199
40299
40399
40499
40599
40699
40799
40899
40999
41099
41199
41299
41399
41499
41599
41699
41799
41899
41999
42099
42199
42299
42399
42499
42599
42699
42799
42899
42999
43099
43199
43299
43399
43499
43599
43699
43799
43899
43999
44099
44199
44299
44399
44499
44599
44699
44799
44899
44999
45099
45199
45299
45399
45499
45599
45699
45799
45899
45999
46099
46199
46299
46399
46499
46599
46699
46799
46899
46999
47099
47199
47299
47399
47499
47599
47699
47799
47899
47999
48099
48199
48299
48399
48499
48599
48699
48799
48899
48999
49099
49199
49299
49399
49499
49599
49699
49799
49899
49999
Square error = [ 0.08222494]
99
199
299
399
499
599
699
799
899
999
1099
1199
1299
1399
1499
1599
1699
1799
1899
1999
2099
2199
2299
2399
2499
2599
2699
2799
2899
2999
3099
3199
3299
3399
3499
3599
3699
3799
3899
3999
4099
4199
4299
4399
4499
4599
4699
4799
4899
4999
5099
5199
5299
5399
5499
5599
5699
5799
5899
5999
6099
6199
6299
6399
6499
6599
6699
6799
6899
6999
7099
7199
7299
7399
7499
7599
7699
7799
7899
7999
8099
8199
8299
8399
8499
8599
8699
8799
8899
8999
9099
9199
9299
9399
9499
9599
9699
9799
9899
9999
10099
10199
10299
10399
10499
10599
10699
10799
10899
10999
11099
11199
11299
11399
11499
11599
11699
11799
11899
11999
12099
12199
12299
12399
12499
12599
12699
12799
12899
12999
13099
13199
13299
13399
13499
13599
13699
13799
13899
13999
14099
14199
14299
14399
14499
14599
14699
14799
14899
14999
15099
15199
15299
15399
15499
15599
15699
15799
15899
15999
16099
16199
16299
16399
16499
16599
16699
16799
16899
16999
17099
17199
17299
17399
17499
17599
17699
17799
17899
17999
18099
18199
18299
18399
18499
18599
18699
18799
18899
18999
19099
19199
19299
19399
19499
19599
19699
19799
19899
19999
20099
20199
20299
20399
20499
20599
20699
20799
20899
20999
21099
21199
21299
21399
21499
21599
21699
21799
21899
21999
22099
22199
22299
22399
22499
22599
22699
22799
22899
22999
23099
23199
23299
23399
23499
23599
23699
23799
23899
23999
24099
24199
24299
24399
24499
24599
24699
24799
24899
24999
25099
25199
25299
25399
25499
25599
25699
25799
25899
25999
26099
26199
26299
26399
26499
26599
26699
26799
26899
26999
27099
27199
27299
27399
27499
27599
27699
27799
27899
27999
28099
28199
28299
28399
28499
28599
28699
28799
28899
28999
29099
29199
29299
29399
29499
29599
29699
29799
29899
29999
30099
30199
30299
30399
30499
30599
30699
30799
30899
30999
31099
31199
31299
31399
31499
31599
31699
31799
31899
31999
32099
32199
32299
32399
32499
32599
32699
32799
32899
32999
33099
33199
33299
33399
33499
33599
33699
33799
33899
33999
34099
34199
34299
34399
34499
34599
34699
34799
34899
34999
35099
35199
35299
35399
35499
35599
35699
35799
35899
35999
36099
36199
36299
36399
36499
36599
36699
36799
36899
36999
37099
37199
37299
37399
37499
37599
37699
37799
37899
37999
38099
38199
38299
38399
38499
38599
38699
38799
38899
38999
39099
39199
39299
39399
39499
39599
39699
39799
39899
39999
40099
40199
40299
40399
40499
40599
40699
40799
40899
40999
41099
41199
41299
41399
41499
41599
41699
41799
41899
41999
42099
42199
42299
42399
42499
42599
42699
42799
42899
42999
43099
43199
43299
43399
43499
43599
43699
43799
43899
43999
44099
44199
44299
44399
44499
44599
44699
44799
44899
44999
45099
45199
45299
45399
45499
45599
45699
45799
45899
45999
46099
46199
46299
46399
46499
46599
46699
46799
46899
46999
47099
47199
47299
47399
47499
47599
47699
47799
47899
47999
48099
48199
48299
48399
48499
48599
48699
48799
48899
48999
49099
49199
49299
49399
49499
49599
49699
49799
49899
49999
Square error = [ 0.07947961]
99
199
299
399
499
599
699
799
899
999
1099
1199
1299
1399
1499
1599
1699
1799
1899
1999
2099
2199
2299
2399
2499
2599
2699
2799
2899
2999
3099
3199
3299
3399
3499
3599
3699
3799
3899
3999
4099
4199
4299
4399
4499
4599
4699
4799
4899
4999
5099
5199
5299
5399
5499
5599
5699
5799
5899
5999
6099
6199
6299
6399
6499
6599
6699
6799
6899
6999
7099
7199
7299
7399
7499
7599
7699
7799
7899
7999
8099
8199
8299
8399
8499
8599
8699
8799
8899
8999
9099
9199
9299
9399
9499
9599
9699
9799
9899
9999
10099
10199
10299
10399
10499
10599
10699
10799
10899
10999
11099
11199
11299
11399
11499
11599
11699
11799
11899
11999
12099
12199
12299
12399
12499
12599
12699
12799
12899
12999
13099
13199
13299
13399
13499
13599
13699
13799
13899
13999
14099
14199
14299
14399
14499
14599
14699
14799
14899
14999
15099
15199
15299
15399
15499
15599
15699
15799
15899
15999
16099
16199
16299
16399
16499
16599
16699
16799
16899
16999
17099
17199
17299
17399
17499
17599
17699
17799
17899
17999
18099
18199
18299
18399
18499
18599
18699
18799
18899
18999
19099
19199
19299
19399
19499
19599
19699
19799
19899
19999
20099
20199
20299
20399
20499
20599
20699
20799
20899
20999
21099
21199
21299
21399
21499
21599
21699
21799
21899
21999
22099
22199
22299
22399
22499
22599
22699
22799
22899
22999
23099
23199
23299
23399
23499
23599
23699
23799
23899
23999
24099
24199
24299
24399
24499
24599
24699
24799
24899
24999
25099
25199
25299
25399
25499
25599
25699
25799
25899
25999
26099
26199
26299
26399
26499
26599
26699
26799
26899
26999
27099
27199
27299
27399
27499
27599
27699
27799
27899
27999
28099
28199
28299
28399
28499
28599
28699
28799
28899
28999
29099
29199
29299
29399
29499
29599
29699
29799
29899
29999
30099
30199
30299
30399
30499
30599
30699
30799
30899
30999
31099
31199
31299
31399
31499
31599
31699
31799
31899
31999
32099
32199
32299
32399
32499
32599
32699
32799
32899
32999
33099
33199
33299
33399
33499
33599
33699
33799
33899
33999
34099
34199
34299
34399
34499
34599
34699
34799
34899
34999
35099
35199
35299
35399
35499
35599
35699
35799
35899
35999
36099
36199
36299
36399
36499
36599
36699
36799
36899
36999
37099
37199
37299
37399
37499
37599
37699
37799
37899
37999
38099
38199
38299
38399
38499
38599
38699
38799
38899
38999
39099
39199
39299
39399
39499
39599
39699
39799
39899
39999
40099
40199
40299
40399
40499
40599
40699
40799
40899
40999
41099
41199
41299
41399
41499
41599
41699
41799
41899
41999
42099
42199
42299
42399
42499
42599
42699
42799
42899
42999
43099
43199
43299
43399
43499
43599
43699
43799
43899
43999
44099
44199
44299
44399
44499
44599
44699
44799
44899
44999
45099
45199
45299
45399
45499
45599
45699
45799
45899
45999
46099
46199
46299
46399
46499
46599
46699
46799
46899
46999
47099
47199
47299
47399
47499
47599
47699
47799
47899
47999
48099
48199
48299
48399
48499
48599
48699
48799
48899
48999
49099
49199
49299
49399
49499
49599
49699
49799
49899
49999
Square error = [ 0.07672982]
99
199
299
399
499
599
699
799
899
999
1099
1199
1299
1399
1499
1599
1699
1799
1899
1999
2099
2199
2299
2399
2499
2599
2699
2799
2899
2999
3099
3199
3299
3399
3499
3599
3699
3799
3899
3999
4099
4199
4299
4399
4499
4599
4699
4799
4899
4999
5099
5199
5299
5399
5499
5599
5699
5799
5899
5999
6099
6199
6299
6399
6499
6599
6699
6799
6899
6999
7099
7199
7299
7399
7499
7599
7699
7799
7899
7999
8099
8199
8299
8399
8499
8599
8699
8799
8899
8999
9099
9199
9299
9399
9499
9599
9699
9799
9899
9999
10099
10199
10299
10399
10499
10599
10699
10799
10899
10999
11099
11199
11299
11399
11499
11599
11699
11799
11899
11999
12099
12199
12299
12399
12499
12599
12699
12799
12899
12999
13099
13199
13299
13399
13499
13599
13699
13799
13899
13999
14099
14199
14299
14399
14499
14599
14699
14799
14899
14999
15099
15199
15299
15399
15499
15599
15699
15799
15899
15999
16099
16199
16299
16399
16499
16599
16699
16799
16899
16999
17099
17199
17299
17399
17499
17599
17699
17799
17899
17999
18099
18199
18299
18399
18499
18599
18699
18799
18899
18999
19099
19199
19299
19399
19499
19599
19699
19799
19899
19999
20099
20199
20299
20399
20499
20599
20699
20799
20899
20999
21099
21199
21299
21399
21499
21599
21699
21799
21899
21999
22099
22199
22299
22399
22499
22599
22699
22799
22899
22999
23099
23199
23299
23399
23499
23599
23699
23799
23899
23999
24099
24199
24299
24399
24499
24599
24699
24799
24899
24999
25099
25199
25299
25399
25499
25599
25699
25799
25899
25999
26099
26199
26299
26399
26499
26599
26699
26799
26899
26999
27099
27199
27299
27399
27499
27599
27699
27799
27899
27999
28099
28199
28299
28399
28499
28599
28699
28799
28899
28999
29099
29199
29299
29399
29499
29599
29699
29799
29899
29999
30099
30199
30299
30399
30499
30599
30699
30799
30899
30999
31099
31199
31299
31399
31499
31599
31699
31799
31899
31999
32099
32199
32299
32399
32499
32599
32699
32799
32899
32999
33099
33199
33299
33399
33499
33599
33699
33799
33899
33999
34099
34199
34299
34399
34499
34599
34699
34799
34899
34999
35099
35199
35299
35399
35499
35599
35699
35799
35899
35999
36099
36199
36299
36399
36499
36599
36699
36799
36899
36999
37099
37199
37299
37399
37499
37599
37699
37799
37899
37999
38099
38199
38299
38399
38499
38599
38699
38799
38899
38999
39099
39199
39299
39399
39499
39599
39699
39799
39899
39999
40099
40199
40299
40399
40499
40599
40699
40799
40899
40999
41099
41199
41299
41399
41499
41599
41699
41799
41899
41999
42099
42199
42299
42399
42499
42599
42699
42799
42899
42999
43099
43199
43299
43399
43499
43599
43699
43799
43899
43999
44099
44199
44299
44399
44499
44599
44699
44799
44899
44999
45099
45199
45299
45399
45499
45599
45699
45799
45899
45999
46099
46199
46299
46399
46499
46599
46699
46799
46899
46999
47099
47199
47299
47399
47499
47599
47699
47799
47899
47999
48099
48199
48299
48399
48499
48599
48699
48799
48899
48999
49099
49199
49299
49399
49499
49599
49699
49799
49899
49999
Square error = [ 0.07394955]
99
199
299
399
499
599
699
799
899
999
1099
1199
1299
1399
1499
1599
1699
1799
1899
1999
2099
2199
2299
2399
2499
2599
2699
2799
2899
2999
3099
3199
3299
3399
3499
3599
3699
3799
3899
3999
4099
4199
4299
4399
4499
4599
4699
4799
4899
4999
5099
5199
5299
5399
5499
5599
5699
5799
5899
5999
6099
6199
6299
6399
6499
6599
6699
6799
6899
6999
7099
7199
7299
7399
7499
7599
7699
7799
7899
7999
8099
8199
8299
8399
8499
8599
8699
8799
8899
8999
9099
9199
9299
9399
9499
9599
9699
9799
9899
9999
10099
10199
10299
10399
10499
10599
10699
10799
10899
10999
11099
11199
11299
11399
11499
11599
11699
11799
11899
11999
12099
12199
12299
12399
12499
12599
12699
12799
12899
12999
13099
13199
13299
13399
13499
13599
13699
13799
13899
13999
14099
14199
14299
14399
14499
14599
14699
14799
14899
14999
15099
15199
15299
15399
15499
15599
15699
15799
15899
15999
16099
16199
16299
16399
16499
16599
16699
16799
16899
16999
17099
17199
17299
17399
17499
17599
17699
17799
17899
17999
18099
18199
18299
18399
18499
18599
18699
18799
18899
18999
19099
19199
19299
19399
19499
19599
19699
19799
19899
19999
20099
20199
20299
20399
20499
20599
20699
20799
20899
20999
21099
21199
21299
21399
21499
21599
21699
21799
21899
21999
22099
22199
22299
22399
22499
22599
22699
22799
22899
22999
23099
23199
23299
23399
23499
23599
23699
23799
23899
23999
24099
24199
24299
24399
24499
24599
24699
24799
24899
24999
25099
25199
25299
25399
25499
25599
25699
25799
25899
25999
26099
26199
26299
26399
26499
26599
26699
26799
26899
26999
27099
27199
27299
27399
27499
27599
27699
27799
27899
27999
28099
28199
28299
28399
28499
28599
28699
28799
28899
28999
29099
29199
29299
29399
29499
29599
29699
29799
29899
29999
30099
30199
30299
30399
30499
30599
30699
30799
30899
30999
31099
31199
31299
31399
31499
31599
31699
31799
31899
31999
32099
32199
32299
32399
32499
32599
32699
32799
32899
32999
33099
33199
33299
33399
33499
33599
33699
33799
33899
33999
34099
34199
34299
34399
34499
34599
34699
34799
34899
34999
35099
35199
35299
35399
35499
35599
35699
35799
35899
35999
36099
36199
36299
36399
36499
36599
36699
36799
36899
36999
37099
37199
37299
37399
37499
37599
37699
37799
37899
37999
38099
38199
38299
38399
38499
38599
38699
38799
38899
38999
39099
39199
39299
39399
39499
39599
39699
39799
39899
39999
40099
40199
40299
40399
40499
40599
40699
40799
40899
40999
41099
41199
41299
41399
41499
41599
41699
41799
41899
41999
42099
42199
42299
42399
42499
42599
42699
42799
42899
42999
43099
43199
43299
43399
43499
43599
43699
43799
43899
43999
44099
44199
44299
44399
44499
44599
44699
44799
44899
44999
45099
45199
45299
45399
45499
45599
45699
45799
45899
45999
46099
46199
46299
46399
46499
46599
46699
46799
46899
46999
47099
47199
47299
47399
47499
47599
47699
47799
47899
47999
48099
48199
48299
48399
48499
48599
48699
48799
48899
48999
49099
49199
49299
49399
49499
49599
49699
49799
49899
49999
Square error = [ 0.07157051]
99
199
299
399
499
599
699
799
899
999
1099
1199
1299
1399
1499
1599
1699
1799
1899
1999
2099
2199
2299
2399
2499
2599
2699
2799
2899
2999
3099
3199
3299
3399
3499
3599
3699
3799
3899
3999
4099
4199
4299
4399
4499
4599
4699
4799
4899
4999
5099
5199
5299
5399
5499
5599
5699
5799
5899
5999
6099
6199
6299
6399
6499
6599
6699
6799
6899
6999
7099
7199
7299
7399
7499
7599
7699
7799
7899
7999
8099
8199
8299
8399
8499
8599
8699
8799
8899
8999
9099
9199
9299
9399
9499
9599
9699
9799
9899
9999
10099
10199
10299
10399
10499
10599
10699
10799
10899
10999
11099
11199
11299
11399
11499
11599
11699
11799
11899
11999
12099
12199
12299
12399
12499
12599
12699
12799
12899
12999
13099
13199
13299
13399
13499
13599
13699
13799
13899
13999
14099
14199
14299
14399
14499
14599
14699
14799
14899
14999
15099
15199
15299
15399
15499
15599
15699
15799
15899
15999
16099
16199
16299
16399
16499
16599
16699
16799
16899
16999
17099
17199
17299
17399
17499
17599
17699
17799
17899
17999
18099
18199
18299
18399
18499
18599
18699
18799
18899
18999
19099
19199
19299
19399
19499
19599
19699
19799
19899
19999
20099
20199
20299
20399
20499
20599
20699
20799
20899
20999
21099
21199
21299
21399
21499
21599
21699
21799
21899
21999
22099
22199
22299
22399
22499
22599
22699
22799
22899
22999
23099
23199
23299
23399
23499
23599
23699
23799
23899
23999
24099
24199
24299
24399
24499
24599
24699
24799
24899
24999
25099
25199
25299
25399
25499
25599
25699
25799
25899
25999
26099
26199
26299
26399
26499
26599
26699
26799
26899
26999
27099
27199
27299
27399
27499
27599
27699
27799
27899
27999
28099
28199
28299
28399
28499
28599
28699
28799
28899
28999
29099
29199
29299
29399
29499
29599
29699
29799
29899
29999
30099
30199
30299
30399
30499
30599
30699
30799
30899
30999
31099
31199
31299
31399
31499
31599
31699
31799
31899
31999
32099
32199
32299
32399
32499
32599
32699
32799
32899
32999
33099
33199
33299
33399
33499
33599
33699
33799
33899
33999
34099
34199
34299
34399
34499
34599
34699
34799
34899
34999
35099
35199
35299
35399
35499
35599
35699
35799
35899
35999
36099
36199
36299
36399
36499
36599
36699
36799
36899
36999
37099
37199
37299
37399
37499
37599
37699
37799
37899
37999
38099
38199
38299
38399
38499
38599
38699
38799
38899
38999
39099
39199
39299
39399
39499
39599
39699
39799
39899
39999
40099
40199
40299
40399
40499
40599
40699
40799
40899
40999
41099
41199
41299
41399
41499
41599
41699
41799
41899
41999
42099
42199
42299
42399
42499
42599
42699
42799
42899
42999
43099
43199
43299
43399
43499
43599
43699
43799
43899
43999
44099
44199
44299
44399
44499
44599
44699
44799
44899
44999
45099
45199
45299
45399
45499
45599
45699
45799
45899
45999
46099
46199
46299
46399
46499
46599
46699
46799
46899
46999
47099
47199
47299
47399
47499
47599
47699
47799
47899
47999
48099
48199
48299
48399
48499
48599
48699
48799
48899
48999
49099
49199
49299
49399
49499
49599
49699
49799
49899
49999
Square error = [ 0.06919472]
99
199
299
399
499
599
699
799
899
999
1099
1199
1299
1399
1499
1599
1699
1799
1899
1999
2099
2199
2299
2399
2499
2599
2699
2799
2899
2999
3099
3199
3299
3399
3499
3599
3699
3799
3899
3999
4099
4199
4299
4399
4499
4599
4699
4799
4899
4999
5099
5199
5299
5399
5499
5599
5699
5799
5899
5999
6099
6199
6299
6399
6499
6599
6699
6799
6899
6999
7099
7199
7299
7399
7499
7599
7699
7799
7899
7999
8099
8199
8299
8399
8499
8599
8699
8799
8899
8999
9099
9199
9299
9399
9499
9599
9699
9799
9899
9999
10099
10199
10299
10399
10499
10599
10699
10799
10899
10999
11099
11199
11299
11399
11499
11599
11699
11799
11899
11999
12099
12199
12299
12399
12499
12599
12699
12799
12899
12999
13099
13199
13299
13399
13499
13599
13699
13799
13899
13999
14099
14199
14299
14399
14499
14599
14699
14799
14899
14999
15099
15199
15299
15399
15499
15599
15699
15799
15899
15999
16099
16199
16299
16399
16499
16599
16699
16799
16899
16999
17099
17199
17299
17399
17499
17599
17699
17799
17899
17999
18099
18199
18299
18399
18499
18599
18699
18799
18899
18999
19099
19199
19299
19399
19499
19599
19699
19799
19899
19999
20099
20199
20299
20399
20499
20599
20699
20799
20899
20999
21099
21199
21299
21399
21499
21599
21699
21799
21899
21999
22099
22199
22299
22399
22499
22599
22699
22799
22899
22999
23099
23199
23299
23399
23499
23599
23699
23799
23899
23999
24099
24199
24299
24399
24499
24599
24699
24799
24899
24999
25099
25199
25299
25399
25499
25599
25699
25799
25899
25999
26099
26199
26299
26399
26499
26599
26699
26799
26899
26999
27099
27199
27299
27399
27499
27599
27699
27799
27899
27999
28099
28199
28299
28399
28499
28599
28699
28799
28899
28999
29099
29199
29299
29399
29499
29599
29699
29799
29899
29999
30099
30199
30299
30399
30499
30599
30699
30799
30899
30999
31099
31199
31299
31399
31499
31599
31699
31799
31899
31999
32099
32199
32299
32399
32499
32599
32699
32799
32899
32999
33099
33199
33299
33399
33499
33599
33699
33799
33899
33999
34099
34199
34299
34399
34499
34599
34699
34799
34899
34999
35099
35199
35299
35399
35499
35599
35699
35799
35899
35999
36099
36199
36299
36399
36499
36599
36699
36799
36899
36999
37099
37199
37299
37399
37499
37599
37699
37799
37899
37999
38099
38199
38299
38399
38499
38599
38699
38799
38899
38999
39099
39199
39299
39399
39499
39599
39699
39799
39899
39999
40099
40199
40299
40399
40499
40599
40699
40799
40899
40999
41099
41199
41299
41399
41499
41599
41699
41799
41899
41999
42099
42199
42299
42399
42499
42599
42699
42799
42899
42999
43099
43199
43299
43399
43499
43599
43699
43799
43899
43999
44099
44199
44299
44399
44499
44599
44699
44799
44899
44999
45099
45199
45299
45399
45499
45599
45699
45799
45899
45999
46099
46199
46299
46399
46499
46599
46699
46799
46899
46999
47099
47199
47299
47399
47499
47599
47699
47799
47899
47999
48099
48199
48299
48399
48499
48599
48699
48799
48899
48999
49099
49199
49299
49399
49499
49599
49699
49799
49899
49999
Square error = [ 0.06687948]
99
199
299
399
499
599
699
799
899
999
1099
1199
1299
1399
1499
1599
1699
1799
1899
1999
2099
2199
2299
2399
2499
2599
2699
2799
2899
2999
3099
3199
3299
3399
3499
3599
3699
3799
3899
3999
4099
4199
4299
4399
4499
4599
4699
4799
4899
4999
5099
5199
5299
5399
5499
5599
5699
5799
5899
5999
6099
6199
6299
6399
6499
6599
6699
6799
6899
6999
7099
7199
7299
7399
7499
7599
7699
7799
7899
7999
8099
8199
8299
8399
8499
8599
8699
8799
8899
8999
9099
9199
9299
9399
9499
9599
9699
9799
9899
9999
10099
10199
10299
10399
10499
10599
10699
10799
10899
10999
11099
11199
11299
11399
11499
11599
11699
11799
11899
11999
12099
12199
12299
12399
12499
12599
12699
12799
12899
12999
13099
13199
13299
13399
13499
13599
13699
13799
13899
13999
14099
14199
14299
14399
14499
14599
14699
14799
14899
14999
15099
15199
15299
15399
15499
15599
15699
15799
15899
15999
16099
16199
16299
16399
16499
16599
16699
16799
16899
16999
17099
17199
17299
17399
17499
17599
17699
17799
17899
17999
18099
18199
18299
18399
18499
18599
18699
18799
18899
18999
19099
19199
19299
19399
19499
19599
19699
19799
19899
19999
20099
20199
20299
20399
20499
20599
20699
20799
20899
20999
21099
21199
21299
21399
21499
21599
21699
21799
21899
21999
22099
22199
22299
22399
22499
22599
22699
22799
22899
22999
23099
23199
23299
23399
23499
23599
23699
23799
23899
23999
24099
24199
24299
24399
24499
24599
24699
24799
24899
24999
25099
25199
25299
25399
25499
25599
25699
25799
25899
25999
26099
26199
26299
26399
26499
26599
26699
26799
26899
26999
27099
27199
27299
27399
27499
27599
27699
27799
27899
27999
28099
28199
28299
28399
28499
28599
28699
28799
28899
28999
29099
29199
29299
29399
29499
29599
29699
29799
29899
29999
30099
30199
30299
30399
30499
30599
30699
30799
30899
30999
31099
31199
31299
31399
31499
31599
31699
31799
31899
31999
32099
32199
32299
32399
32499
32599
32699
32799
32899
32999
33099
33199
33299
33399
33499
33599
33699
33799
33899
33999
34099
34199
34299
34399
34499
34599
34699
34799
34899
34999
35099
35199
35299
35399
35499
35599
35699
35799
35899
35999
36099
36199
36299
36399
36499
36599
36699
36799
36899
36999
37099
37199
37299
37399
37499
37599
37699
37799
37899
37999
38099
38199
38299
38399
38499
38599
38699
38799
38899
38999
39099
39199
39299
39399
39499
39599
39699
39799
39899
39999
40099
40199
40299
40399
40499
40599
40699
40799
40899
40999
41099
41199
41299
41399
41499
41599
41699
41799
41899
41999
42099
42199
42299
42399
42499
42599
42699
42799
42899
42999
43099
43199
43299
43399
43499
43599
43699
43799
43899
43999
44099
44199
44299
44399
44499
44599
44699
44799
44899
44999
45099
45199
45299
45399
45499
45599
45699
45799
45899
45999
46099
46199
46299
46399
46499
46599
46699
46799
46899
46999
47099
47199
47299
47399
47499
47599
47699
47799
47899
47999
48099
48199
48299
48399
48499
48599
48699
48799
48899
48999
49099
49199
49299
49399
49499
49599
49699
49799
49899
49999
Square error = [ 0.06455468]
99
199
299
399
499
599
699
799
899
999
1099
1199
1299
1399
1499
1599
1699
1799
1899
1999
2099
2199
2299
2399
2499
2599
2699
2799
2899
2999
3099
3199
3299
3399
3499
3599
3699
3799
3899
3999
4099
4199
4299
4399
4499
4599
4699
4799
4899
4999
5099
5199
5299
5399
5499
5599
5699
5799
5899
5999
6099
6199
6299
6399
6499
6599
6699
6799
6899
6999
7099
7199
7299
7399
7499
7599
7699
7799
7899
7999
8099
8199
8299
8399
8499
8599
8699
8799
8899
8999
9099
9199
9299
9399
9499
9599
9699
9799
9899
9999
10099
10199
10299
10399
10499
10599
10699
10799
10899
10999
11099
11199
11299
11399
11499
11599
11699
11799
11899
11999
12099
12199
12299
12399
12499
12599
12699
12799
12899
12999
13099
13199
13299
13399
13499
13599
13699
13799
13899
13999
14099
14199
14299
14399
14499
14599
14699
14799
14899
14999
15099
15199
15299
15399
15499
15599
15699
15799
15899
15999
16099
16199
16299
16399
16499
16599
16699
16799
16899
16999
17099
17199
17299
17399
17499
17599
17699
17799
17899
17999
18099
18199
18299
18399
18499
18599
18699
18799
18899
18999
19099
19199
19299
19399
19499
19599
19699
19799
19899
19999
20099
20199
20299
20399
20499
20599
20699
20799
20899
20999
21099
21199
21299
21399
21499
21599
21699
21799
21899
21999
22099
22199
22299
22399
22499
22599
22699
22799
22899
22999
23099
23199
23299
23399
23499
23599
23699
23799
23899
23999
24099
24199
24299
24399
24499
24599
24699
24799
24899
24999
25099
25199
25299
25399
25499
25599
25699
25799
25899
25999
26099
26199
26299
26399
26499
26599
26699
26799
26899
26999
27099
27199
27299
27399
27499
27599
27699
27799
27899
27999
28099
28199
28299
28399
28499
28599
28699
28799
28899
28999
29099
29199
29299
29399
29499
29599
29699
29799
29899
29999
30099
30199
30299
30399
30499
30599
30699
30799
30899
30999
31099
31199
31299
31399
31499
31599
31699
31799
31899
31999
32099
32199
32299
32399
32499
32599
32699
32799
32899
32999
33099
33199
33299
33399
33499
33599
33699
33799
33899
33999
34099
34199
34299
34399
34499
34599
34699
34799
34899
34999
35099
35199
35299
35399
35499
35599
35699
35799
35899
35999
36099
36199
36299
36399
36499
36599
36699
36799
36899
36999
37099
37199
37299
37399
37499
37599
37699
37799
37899
37999
38099
38199
38299
38399
38499
38599
38699
38799
38899
38999
39099
39199
39299
39399
39499
39599
39699
39799
39899
39999
40099
40199
40299
40399
40499
40599
40699
40799
40899
40999
41099
41199
41299
41399
41499
41599
41699
41799
41899
41999
42099
42199
42299
42399
42499
42599
42699
42799
42899
42999
43099
43199
43299
43399
43499
43599
43699
43799
43899
43999
44099
44199
44299
44399
44499
44599
44699
44799
44899
44999
45099
45199
45299
45399
45499
45599
45699
45799
45899
45999
46099
46199
46299
46399
46499
46599
46699
46799
46899
46999
47099
47199
47299
47399
47499
47599
47699
47799
47899
47999
48099
48199
48299
48399
48499
48599
48699
48799
48899
48999
49099
49199
49299
49399
49499
49599
49699
49799
49899
49999
Square error = [ 0.06239868]
99
199
299
399
499
599
699
799
899
999
1099
1199
1299
1399
1499
1599
1699
1799
1899
1999
2099
2199
2299
2399
2499
2599
2699
2799
2899
2999
3099
3199
3299
3399
3499
3599
3699
3799
3899
3999
4099
4199
4299
4399
4499
4599
4699
4799
4899
4999
5099
5199
5299
5399
5499
5599
5699
5799
5899
5999
6099
6199
6299
6399
6499
6599
6699
6799
6899
6999
7099
7199
7299
7399
7499
7599
7699
7799
7899
7999
8099
8199
8299
8399
8499
8599
8699
8799
8899
8999
9099
9199
9299
9399
9499
9599
9699
9799
9899
9999
10099
10199
10299
10399
10499
10599
10699
10799
10899
10999
11099
11199
11299
11399
11499
11599
11699
11799
11899
11999
12099
12199
12299
12399
12499
12599
12699
12799
12899
12999
13099
13199
13299
13399
13499
13599
13699
13799
13899
13999
14099
14199
14299
14399
14499
14599
14699
14799
14899
14999
15099
15199
15299
15399
15499
15599
15699
15799
15899
15999
16099
16199
16299
16399
16499
16599
16699
16799
16899
16999
17099
17199
17299
17399
17499
17599
17699
17799
17899
17999
18099
18199
18299
18399
18499
18599
18699
18799
18899
18999
19099
19199
19299
19399
19499
19599
19699
19799
19899
19999
20099
20199
20299
20399
20499
20599
20699
20799
20899
20999
21099
21199
21299
21399
21499
21599
21699
21799
21899
21999
22099
22199
22299
22399
22499
22599
22699
22799
22899
22999
23099
23199
23299
23399
23499
23599
23699
23799
23899
23999
24099
24199
24299
24399
24499
24599
24699
24799
24899
24999
25099
25199
25299
25399
25499
25599
25699
25799
25899
25999
26099
26199
26299
26399
26499
26599
26699
26799
26899
26999
27099
27199
27299
27399
27499
27599
27699
27799
27899
27999
28099
28199
28299
28399
28499
28599
28699
28799
28899
28999
29099
29199
29299
29399
29499
29599
29699
29799
29899
29999
30099
30199
30299
30399
30499
30599
30699
30799
30899
30999
31099
31199
31299
31399
31499
31599
31699
31799
31899
31999
32099
32199
32299
32399
32499
32599
32699
32799
32899
32999
33099
33199
33299
33399
33499
33599
33699
33799
33899
33999
34099
34199
34299
34399
34499
34599
34699
34799
34899
34999
35099
35199
35299
35399
35499
35599
35699
35799
35899
35999
36099
36199
36299
36399
36499
36599
36699
36799
36899
36999
37099
37199
37299
37399
37499
37599
37699
37799
37899
37999
38099
38199
38299
38399
38499
38599
38699
38799
38899
38999
39099
39199
39299
39399
39499
39599
39699
39799
39899
39999
40099
40199
40299
40399
40499
40599
40699
40799
40899
40999
41099
41199
41299
41399
41499
41599
41699
41799
41899
41999
42099
42199
42299
42399
42499
42599
42699
42799
42899
42999
43099
43199
43299
43399
43499
43599
43699
43799
43899
43999
44099
44199
44299
44399
44499
44599
44699
44799
44899
44999
45099
45199
45299
45399
45499
45599
45699
45799
45899
45999
46099
46199
46299
46399
46499
46599
46699
46799
46899
46999
47099
47199
47299
47399
47499
47599
47699
47799
47899
47999
48099
48199
48299
48399
48499
48599
48699
48799
48899
48999
49099
49199
49299
49399
49499
49599
49699
49799
49899
49999
Square error = [ 0.06023708]
99
199
299
399
499
599
699
799
899
999
1099
1199
1299
1399
1499
1599
1699
1799
1899
1999
2099
2199
2299
2399
2499
2599
2699
2799
2899
2999
3099
3199
3299
3399
3499
3599
3699
3799
3899
3999
4099
4199
4299
4399
4499
4599
4699
4799
4899
4999
5099
5199
5299
5399
5499
5599
5699
5799
5899
5999
6099
6199
6299
6399
6499
6599
6699
6799
6899
6999
7099
7199
7299
7399
7499
7599
7699
7799
7899
7999
8099
8199
8299
8399
8499
8599
8699
8799
8899
8999
9099
9199
9299
9399
9499
9599
9699
9799
9899
9999
10099
10199
10299
10399
10499
10599
10699
10799
10899
10999
11099
11199
11299
11399
11499
11599
11699
11799
11899
11999
12099
12199
12299
12399
12499
12599
12699
12799
12899
12999
13099
13199
13299
13399
13499
13599
13699
13799
13899
13999
14099
14199
14299
14399
14499
14599
14699
14799
14899
14999
15099
15199
15299
15399
15499
15599
15699
15799
15899
15999
16099
16199
16299
16399
16499
16599
16699
16799
16899
16999
17099
17199
17299
17399
17499
17599
17699
17799
17899
17999
18099
18199
18299
18399
18499
18599
18699
18799
18899
18999
19099
19199
19299
19399
19499
19599
19699
19799
19899
19999
20099
20199
20299
20399
20499
20599
20699
20799
20899
20999
21099
21199
21299
21399
21499
21599
21699
21799
21899
21999
22099
22199
22299
22399
22499
22599
22699
22799
22899
22999
23099
23199
23299
23399
23499
23599
23699
23799
23899
23999
24099
24199
24299
24399
24499
24599
24699
24799
24899
24999
25099
25199
25299
25399
25499
25599
25699
25799
25899
25999
26099
26199
26299
26399
26499
26599
26699
26799
26899
26999
27099
27199
27299
27399
27499
27599
27699
27799
27899
27999
28099
28199
28299
28399
28499
28599
28699
28799
28899
28999
29099
29199
29299
29399
29499
29599
29699
29799
29899
29999
30099
30199
30299
30399
30499
30599
30699
30799
30899
30999
31099
31199
31299
31399
31499
31599
31699
31799
31899
31999
32099
32199
32299
32399
32499
32599
32699
32799
32899
32999
33099
33199
33299
33399
33499
33599
33699
33799
33899
33999
34099
34199
34299
34399
34499
34599
34699
34799
34899
34999
35099
35199
35299
35399
35499
35599
35699
35799
35899
35999
36099
36199
36299
36399
36499
36599
36699
36799
36899
36999
37099
37199
37299
37399
37499
37599
37699
37799
37899
37999
38099
38199
38299
38399
38499
38599
38699
38799
38899
38999
39099
39199
39299
39399
39499
39599
39699
39799
39899
39999
40099
40199
40299
40399
40499
40599
40699
40799
40899
40999
41099
41199
41299
41399
41499
41599
41699
41799
41899
41999
42099
42199
42299
42399
42499
42599
42699
42799
42899
42999
43099
43199
43299
43399
43499
43599
43699
43799
43899
43999
44099
44199
44299
44399
44499
44599
44699
44799
44899
44999
45099
45199
45299
45399
45499
45599
45699
45799
45899
45999
46099
46199
46299
46399
46499
46599
46699
46799
46899
46999
47099
47199
47299
47399
47499
47599
47699
47799
47899
47999
48099
48199
48299
48399
48499
48599
48699
48799
48899
48999
49099
49199
49299
49399
49499
49599
49699
49799
49899
49999
Square error = [ 0.05805807]
99
199
299
399
499
599
699
799
899
999
1099
1199
1299
1399
1499
1599
1699
1799
1899
1999
2099
2199
2299
2399
2499
2599
2699
2799
2899
2999
3099
3199
3299
3399
3499
3599
3699
3799
3899
3999
4099
4199
4299
4399
4499
4599
4699
4799
4899
4999
5099
5199
5299
5399
5499
5599
5699
5799
5899
5999
6099
6199
6299
6399
6499
6599
6699
6799
6899
6999
7099
7199
7299
7399
7499
7599
7699
7799
7899
7999
8099
8199
8299
8399
8499
8599
8699
8799
8899
8999
9099
9199
9299
9399
9499
9599
9699
9799
9899
9999
10099
10199
10299
10399
10499
10599
10699
10799
10899
10999
11099
11199
11299
11399
11499
11599
11699
11799
11899
11999
12099
12199
12299
12399
12499
12599
12699
12799
12899
12999
13099
13199
13299
13399
13499
13599
13699
13799
13899
13999
14099
14199
14299
14399
14499
14599
14699
14799
14899
14999
15099
15199
15299
15399
15499
15599
15699
15799
15899
15999
16099
16199
16299
16399
16499
16599
16699
16799
16899
16999
17099
17199
17299
17399
17499
17599
17699
17799
17899
17999
18099
18199
18299
18399
18499
18599
18699
18799
18899
18999
19099
19199
19299
19399
19499
19599
19699
19799
19899
19999
20099
20199
20299
20399
20499
20599
20699
20799
20899
20999
21099
21199
21299
21399
21499
21599
21699
21799
21899
21999
22099
22199
22299
22399
22499
22599
22699
22799
22899
22999
23099
23199
23299
23399
23499
23599
23699
23799
23899
23999
24099
24199
24299
24399
24499
24599
24699
24799
24899
24999
25099
25199
25299
25399
25499
25599
25699
25799
25899
25999
26099
26199
26299
26399
26499
26599
26699
26799
26899
26999
27099
27199
27299
27399
27499
27599
27699
27799
27899
27999
28099
28199
28299
28399
28499
28599
28699
28799
28899
28999
29099
29199
29299
29399
29499
29599
29699
29799
29899
29999
30099
30199
30299
30399
30499
30599
30699
30799
30899
30999
31099
31199
31299
31399
31499
31599
31699
31799
31899
31999
32099
32199
32299
32399
32499
32599
32699
32799
32899
32999
33099
33199
33299
33399
33499
33599
33699
33799
33899
33999
34099
34199
34299
34399
34499
34599
34699
34799
34899
34999
35099
35199
35299
35399
35499
35599
35699
35799
35899
35999
36099
36199
36299
36399
36499
36599
36699
36799
36899
36999
37099
37199
37299
37399
37499
37599
37699
37799
37899
37999
38099
38199
38299
38399
38499
38599
38699
38799
38899
38999
39099
39199
39299
39399
39499
39599
39699
39799
39899
39999
40099
40199
40299
40399
40499
40599
40699
40799
40899
40999
41099
41199
41299
41399
41499
41599
41699
41799
41899
41999
42099
42199
42299
42399
42499
42599
42699
42799
42899
42999
43099
43199
43299
43399
43499
43599
43699
43799
43899
43999
44099
44199
44299
44399
44499
44599
44699
44799
44899
44999
45099
45199
45299
45399
45499
45599
45699
45799
45899
45999
46099
46199
46299
46399
46499
46599
46699
46799
46899
46999
47099
47199
47299
47399
47499
47599
47699
47799
47899
47999
48099
48199
48299
48399
48499
48599
48699
48799
48899
48999
49099
49199
49299
49399
49499
49599
49699
49799
49899
49999
Square error = [ 0.05623341]
99
199
299
399
499
599
699
799
899
999
1099
1199
1299
1399
1499
1599
1699
1799
1899
1999
2099
2199
2299
2399
2499
2599
2699
2799
2899
2999
3099
3199
3299
3399
3499
3599
3699
3799
3899
3999
4099
4199
4299
4399
4499
4599
4699
4799
4899
4999
5099
5199
5299
5399
5499
5599
5699
5799
5899
5999
6099
6199
6299
6399
6499
6599
6699
6799
6899
6999
7099
7199
7299
7399
7499
7599
7699
7799
7899
7999
8099
8199
8299
8399
8499
8599
8699
8799
8899
8999
9099
9199
9299
9399
9499
9599
9699
9799
9899
9999
10099
10199
10299
10399
10499
10599
10699
10799
10899
10999
11099
11199
11299
11399
11499
11599
11699
11799
11899
11999
12099
12199
12299
12399
12499
12599
12699
12799
12899
12999
13099
13199
13299
13399
13499
13599
13699
13799
13899
13999
14099
14199
14299
14399
14499
14599
14699
14799
14899
14999
15099
15199
15299
15399
15499
15599
15699
15799
15899
15999
16099
16199
16299
16399
16499
16599
16699
16799
16899
16999
17099
17199
17299
17399
17499
17599
17699
17799
17899
17999
18099
18199
18299
18399
18499
18599
18699
18799
18899
18999
19099
19199
19299
19399
19499
19599
19699
19799
19899
19999
20099
20199
20299
20399
20499
20599
20699
20799
20899
20999
21099
21199
21299
21399
21499
21599
21699
21799
21899
21999
22099
22199
22299
22399
22499
22599
22699
22799
22899
22999
23099
23199
23299
23399
23499
23599
23699
23799
23899
23999
24099
24199
24299
24399
24499
24599
24699
24799
24899
24999
25099
25199
25299
25399
25499
25599
25699
25799
25899
25999
26099
26199
26299
26399
26499
26599
26699
26799
26899
26999
27099
27199
27299
27399
27499
27599
27699
27799
27899
27999
28099
28199
28299
28399
28499
28599
28699
28799
28899
28999
29099
29199
29299
29399
29499
29599
29699
29799
29899
29999
30099
30199
30299
30399
30499
30599
30699
30799
30899
30999
31099
31199
31299
31399
31499
31599
31699
31799
31899
31999
32099
32199
32299
32399
32499
32599
32699
32799
32899
32999
33099
33199
33299
33399
33499
33599
33699
33799
33899
33999
34099
34199
34299
34399
34499
34599
34699
34799
34899
34999
35099
35199
35299
35399
35499
35599
35699
35799
35899
35999
36099
36199
36299
36399
36499
36599
36699
36799
36899
36999
37099
37199
37299
37399
37499
37599
37699
37799
37899
37999
38099
38199
38299
38399
38499
38599
38699
38799
38899
38999
39099
39199
39299
39399
39499
39599
39699
39799
39899
39999
40099
40199
40299
40399
40499
40599
40699
40799
40899
40999
41099
41199
41299
41399
41499
41599
41699
41799
41899
41999
42099
42199
42299
42399
42499
42599
42699
42799
42899
42999
43099
43199
43299
43399
43499
43599
43699
43799
43899
43999
44099
44199
44299
44399
44499
44599
44699
44799
44899
44999
45099
45199
45299
45399
45499
45599
45699
45799
45899
45999
46099
46199
46299
46399
46499
46599
46699
46799
46899
46999
47099
47199
47299
47399
47499
47599
47699
47799
47899
47999
48099
48199
48299
48399
48499
48599
48699
48799
48899
48999
49099
49199
49299
49399
49499
49599
49699
49799
49899
49999
Square error = [ 0.05462681]
99
199
299
399
499
599
699
799
899
999
1099
1199
1299
1399
1499
1599
1699
1799
1899
1999
2099
2199
2299
2399
2499
2599
2699
2799
2899
2999
3099
3199
3299
3399
3499
3599
3699
3799
3899
3999
4099
4199
4299
4399
4499
4599
4699
4799
4899
4999
5099
5199
5299
5399
5499
5599
5699
5799
5899
5999
6099
6199
6299
6399
6499
6599
6699
6799
6899
6999
7099
7199
7299
7399
7499
7599
7699
7799
7899
7999
8099
8199
8299
8399
8499
8599
8699
8799
8899
8999
9099
9199
9299
9399
9499
9599
9699
9799
9899
9999
10099
10199
10299
10399
10499
10599
10699
10799
10899
10999
11099
11199
11299
11399
11499
11599
11699
11799
11899
11999
12099
12199
12299
12399
12499
12599
12699
12799
12899
12999
13099
13199
13299
13399
13499
13599
13699
13799
13899
13999
14099
14199
14299
14399
14499
14599
14699
14799
14899
14999
15099
15199
15299
15399
15499
15599
15699
15799
15899
15999
16099
16199
16299
16399
16499
16599
16699
16799
16899
16999
17099
17199
17299
17399
17499
17599
17699
17799
17899
17999
18099
18199
18299
18399
18499
18599
18699
18799
18899
18999
19099
19199
19299
19399
19499
19599
19699
19799
19899
19999
20099
20199
20299
20399
20499
20599
20699
20799
20899
20999
21099
21199
21299
21399
21499
21599
21699
21799
21899
21999
22099
22199
22299
22399
22499
22599
22699
22799
22899
22999
23099
23199
23299
23399
23499
23599
23699
23799
23899
23999
24099
24199
24299
24399
24499
24599
24699
24799
24899
24999
25099
25199
25299
25399
25499
25599
25699
25799
25899
25999
26099
26199
26299
26399
26499
26599
26699
26799
26899
26999
27099
27199
27299
27399
27499
27599
27699
27799
27899
27999
28099
28199
28299
28399
28499
28599
28699
28799
28899
28999
29099
29199
29299
29399
29499
29599
29699
29799
29899
29999
30099
30199
30299
30399
30499
30599
30699
30799
30899
30999
31099
31199
31299
31399
31499
31599
31699
31799
31899
31999
32099
32199
32299
32399
32499
32599
32699
32799
32899
32999
33099
33199
33299
33399
33499
33599
33699
33799
33899
33999
34099
34199
34299
34399
34499
34599
34699
34799
34899
34999
35099
35199
35299
35399
35499
35599
35699
35799
35899
35999
36099
36199
36299
36399
36499
36599
36699
36799
36899
36999
37099
37199
37299
37399
37499
37599
37699
37799
37899
37999
38099
38199
38299
38399
38499
38599
38699
38799
38899
38999
39099
39199
39299
39399
39499
39599
39699
39799
39899
39999
40099
40199
40299
40399
40499
40599
40699
40799
40899
40999
41099
41199
41299
41399
41499
41599
41699
41799
41899
41999
42099
42199
42299
42399
42499
42599
42699
42799
42899
42999
43099
43199
43299
43399
43499
43599
43699
43799
43899
43999
44099
44199
44299
44399
44499
44599
44699
44799
44899
44999
45099
45199
45299
45399
45499
45599
45699
45799
45899
45999
46099
46199
46299
46399
46499
46599
46699
46799
46899
46999
47099
47199
47299
47399
47499
47599
47699
47799
47899
47999
48099
48199
48299
48399
48499
48599
48699
48799
48899
48999
49099
49199
49299
49399
49499
49599
49699
49799
49899
49999
Square error = [ 0.05320261]
99
199
299
399
499
599
699
799
899
999
1099
1199
1299
1399
1499
1599
1699
1799
1899
1999
2099
2199
2299
2399
2499
2599
2699
2799
2899
2999
3099
3199
3299
3399
3499
3599
3699
3799
3899
3999
4099
4199
4299
4399
4499
4599
4699
4799
4899
4999
5099
5199
5299
5399
5499
5599
5699
5799
5899
5999
6099
6199
6299
6399
6499
6599
6699
6799
6899
6999
7099
7199
7299
7399
7499
7599
7699
7799
7899
7999
8099
8199
8299
8399
8499
8599
8699
8799
8899
8999
9099
9199
9299
9399
9499
9599
9699
9799
9899
9999
10099
10199
10299
10399
10499
10599
10699
10799
10899
10999
11099
11199
11299
11399
11499
11599
11699
11799
11899
11999
12099
12199
12299
12399
12499
12599
12699
12799
12899
12999
13099
13199
13299
13399
13499
13599
13699
13799
13899
13999
14099
14199
14299
14399
14499
14599
14699
14799
14899
14999
15099
15199
15299
15399
15499
15599
15699
15799
15899
15999
16099
16199
16299
16399
16499
16599
16699
16799
16899
16999
17099
17199
17299
17399
17499
17599
17699
17799
17899
17999
18099
18199
18299
18399
18499
18599
18699
18799
18899
18999
19099
19199
19299
19399
19499
19599
19699
19799
19899
19999
20099
20199
20299
20399
20499
20599
20699
20799
20899
20999
21099
21199
21299
21399
21499
21599
21699
21799
21899
21999
22099
22199
22299
22399
22499
22599
22699
22799
22899
22999
23099
23199
23299
23399
23499
23599
23699
23799
23899
23999
24099
24199
24299
24399
24499
24599
24699
24799
24899
24999
25099
25199
25299
25399
25499
25599
25699
25799
25899
25999
26099
26199
26299
26399
26499
26599
26699
26799
26899
26999
27099
27199
27299
27399
27499
27599
27699
27799
27899
27999
28099
28199
28299
28399
28499
28599
28699
28799
28899
28999
29099
29199
29299
29399
29499
29599
29699
29799
29899
29999
30099
30199
30299
30399
30499
30599
30699
30799
30899
30999
31099
31199
31299
31399
31499
31599
31699
31799
31899
31999
32099
32199
32299
32399
32499
32599
32699
32799
32899
32999
33099
33199
33299
33399
33499
33599
33699
33799
33899
33999
34099
34199
34299
34399
34499
34599
34699
34799
34899
34999
35099
35199
35299
35399
35499
35599
35699
35799
35899
35999
36099
36199
36299
36399
36499
36599
36699
36799
36899
36999
37099
37199
37299
37399
37499
37599
37699
37799
37899
37999
38099
38199
38299
38399
38499
38599
38699
38799
38899
38999
39099
39199
39299
39399
39499
39599
39699
39799
39899
39999
40099
40199
40299
40399
40499
40599
40699
40799
40899
40999
41099
41199
41299
41399
41499
41599
41699
41799
41899
41999
42099
42199
42299
42399
42499
42599
42699
42799
42899
42999
43099
43199
43299
43399
43499
43599
43699
43799
43899
43999
44099
44199
44299
44399
44499
44599
44699
44799
44899
44999
45099
45199
45299
45399
45499
45599
45699
45799
45899
45999
46099
46199
46299
46399
46499
46599
46699
46799
46899
46999
47099
47199
47299
47399
47499
47599
47699
47799
47899
47999
48099
48199
48299
48399
48499
48599
48699
48799
48899
48999
49099
49199
49299
49399
49499
49599
49699
49799
49899
49999
Square error = [ 0.05186253]
99
199
299
399
499
599
699
799
899
999
1099
1199
1299
1399
1499
1599
1699
1799
1899
1999
2099
2199
2299
2399
2499
2599
2699
2799
2899
2999
3099
3199
3299
3399
3499
3599
3699
3799
3899
3999
4099
4199
4299
4399
4499
4599
4699
4799
4899
4999
5099
5199
5299
5399
5499
5599
5699
5799
5899
5999
6099
6199
6299
6399
6499
6599
6699
6799
6899
6999
7099
7199
7299
7399
7499
7599
7699
7799
7899
7999
8099
8199
8299
8399
8499
8599
8699
8799
8899
8999
9099
9199
9299
9399
9499
9599
9699
9799
9899
9999
10099
10199
10299
10399
10499
10599
10699
10799
10899
10999
11099
11199
11299
11399
11499
11599
11699
11799
11899
11999
12099
12199
12299
12399
12499
12599
12699
12799
12899
12999
13099
13199
13299
13399
13499
13599
13699
13799
13899
13999
14099
14199
14299
14399
14499
14599
14699
14799
14899
14999
15099
15199
15299
15399
15499
15599
15699
15799
15899
15999
16099
16199
16299
16399
16499
16599
16699
16799
16899
16999
17099
17199
17299
17399
17499
17599
17699
17799
17899
17999
18099
18199
18299
18399
18499
18599
18699
18799
18899
18999
19099
19199
19299
19399
19499
19599
19699
19799
19899
19999
20099
20199
20299
20399
20499
20599
20699
20799
20899
20999
21099
21199
21299
21399
21499
21599
21699
21799
21899
21999
22099
22199
22299
22399
22499
22599
22699
22799
22899
22999
23099
23199
23299
23399
23499
23599
23699
23799
23899
23999
24099
24199
24299
24399
24499
24599
24699
24799
24899
24999
25099
25199
25299
25399
25499
25599
25699
25799
25899
25999
26099
26199
26299
26399
26499
26599
26699
26799
26899
26999
27099
27199
27299
27399
27499
27599
27699
27799
27899
27999
28099
28199
28299
28399
28499
28599
28699
28799
28899
28999
29099
29199
29299
29399
29499
29599
29699
29799
29899
29999
30099
30199
30299
30399
30499
30599
30699
30799
30899
30999
31099
31199
31299
31399
31499
31599
31699
31799
31899
31999
32099
32199
32299
32399
32499
32599
32699
32799
32899
32999
33099
33199
33299
33399
33499
33599
33699
33799
33899
33999
34099
34199
34299
34399
34499
34599
34699
34799
34899
34999
35099
35199
35299
35399
35499
35599
35699
35799
35899
35999
36099
36199
36299
36399
36499
36599
36699
36799
36899
36999
37099
37199
37299
37399
37499
37599
37699
37799
37899
37999
38099
38199
38299
38399
38499
38599
38699
38799
38899
38999
39099
39199
39299
39399
39499
39599
39699
39799
39899
39999
40099
40199
40299
40399
40499
40599
40699
40799
40899
40999
41099
41199
41299
41399
41499
41599
41699
41799
41899
41999
42099
42199
42299
42399
42499
42599
42699
42799
42899
42999
43099
43199
43299
43399
43499
43599
43699
43799
43899
43999
44099
44199
44299
44399
44499
44599
44699
44799
44899
44999
45099
45199
45299
45399
45499
45599
45699
45799
45899
45999
46099
46199
46299
46399
46499
46599
46699
46799
46899
46999
47099
47199
47299
47399
47499
47599
47699
47799
47899
47999
48099
48199
48299
48399
48499
48599
48699
48799
48899
48999
49099
49199
49299
49399
49499
49599
49699
49799
49899
49999
Square error = [ 0.0506595]
Start Validation Tests
3 3
3 8
6 6
7 9
6 6
4 4
7 5
3 3
7 8
4 4
5 5
2 2
3 3
3 8
7 4
5 8
1 1
3 5
0 0
3 5
4 9
7 7
4 4
1 1
5 0
6 3
0 0
6 6
2 2
4 9
7 9
4 4
1 1
3 3
6 6
2 8
0 0
7 7
5 7
6 6
3 8
7 9
0 0
3 3
4 8
3 3
2 7
7 7
0 8
4 4
4 4
1 1
6 2
4 9
5 8
1 1
1 1
0 0
6 6
6 6
5 5
0 0
1 1
1 1
7 7
2 2
7 7
3 3
1 1
6 4
0 0
5 5
0 0
6 6
5 8
3 7
6 6
5 8
3 9
7 9
4 4
0 0
2 6
1 1
7 9
2 2
5 6
5 3
3 9
4 4
4 4
6 5
6 6
6 6
1 1
7 7
2 2
2 8
6 6
7 9
5 7
0 0
7 9
1 1
6 6
2 2
2 8
3 3
6 6
6 4
7 9
3 5
5 8
6 6
3 8
7 7
2 8
4 8
6 6
4 9
1 1
7 7
6 6
0 0
7 9
6 6
7 7
0 0
7 9
7 7
1 1
3 3
6 6
3 8
7 4
6 6
1 1
7 7
5 5
1 1
3 3
3 3
5 5
7 7
4 9
5 9
6 6
7 7
3 3
6 4
1 1
0 0
4 4
2 2
4 4
2 5
0 0
0 0
1 1
6 6
6 6
6 4
2 7
7 9
4 4
6 6
5 5
2 2
6 6
7 9
5 8
1 8
4 8
5 5
7 9
3 3
2 8
7 9
3 8
2 8
5 8
3 3
4 4
4 4
3 3
0 0
7 9
6 5
4 4
4 4
1 1
0 8
0 0
6 6
1 1
3 3
5 2
0 0
3 8
6 6
0 0
5 3
7 5
4 4
7 9
0 0
1 3
1 1
0 0
7 9
3 3
2 2
5 3
3 3
3 3
7 7
4 4
5 9
2 2
1 1
6 6
2 2
1 1
5 5
3 7
1 1
4 9
7 7
0 9
3 2
2 2
5 8
1 1
7 7
7 7
0 0
3 0
1 1
3 8
0 9
0 0
6 6
6 6
4 4
7 7
4 9
7 8
2 2
4 9
1 1
2 5
2 2
5 5
3 3
7 7
7 7
3 0
0 0
3 8
2 2
5 3
1 1
3 3
5 5
1 1
3 3
6 6
4 4
5 8
7 7
6 6
2 2
4 8
1 1
3 8
6 6
6 6
5 8
3 7
5 5
6 6
0 0
4 4
0 8
7 4
7 9
4 3
2 2
5 3
6 6
2 2
0 0
1 1
1 1
2 6
2 2
3 5
3 3
0 0
4 4
3 3
5 5
3 8
6 6
7 9
7 7
3 8
4 8
3 3
7 9
0 0
3 0
3 3
1 1
4 4
2 2
7 5
3 3
4 9
4 4
7 5
5 5
3 5
6 6
0 0
7 7
1 1
4 8
0 0
7 9
3 3
0 0
7 5
1 1
2 2
2 2
3 3
3 3
1 1
4 4
2 3
5 5
0 8
2 6
0 0
7 7
5 8
3 8
6 2
3 9
1 1
7 7
5 5
0 0
0 0
4 6
1 1
0 0
7 9
1 7
7 7
3 3
1 1
4 8
3 3
7 7
5 5
1 1
4 2
4 3
7 7
0 7
3 3
0 9
3 3
5 7
7 7
4 4
3 3
0 0
7 7
2 2
7 7
3 5
4 9
0 0
7 9
4 6
4 4
4 4
3 0
3 9
7 7
4 8
1 8
5 5
6 1
1 1
5 5
6 5
1 1
3 3
4 6
4 3
1 1
4 4
3 5
0 0
5 9
5 5
5 8
4 4
3 3
5 8
3 9
6 6
5 4
5 3
6 6
4 4
5 5
7 8
0 5
0 0
7 0
3 6
1 7
4 4
7 6
2 8
3 5
5 3
4 4
6 4
0 0
0 0
7 9
1 1
7 7
4 9
7 7
2 2
3 8
0 7
0 0
4 9
2 2
1 1
2 8
2 2
4 4
5 5
2 2
1 1
3 2
7 7
5 5
2 2
7 9
4 8
5 5
5 7
5 9
0 0
7 7
1 1
4 4
5 9
7 7
5 6
0 3
4 4
1 1
7 9
2 2
2 2
0 0
1 1
2 2
2 2
0 0
3 3
1 1
5 7
5 5
0 0
4 4
2 2
7 7
1 1
4 9
3 3
0 0
1 1
6 6
2 2
2 2
5 5
1 1
4 8
2 3
1 1
4 4
6 6
2 2
2 8
4 6
5 5
3 2
0 6
4 4
0 0
5 8
2 8
3 8
5 9
3 3
4 4
0 0
7 9
7 7
6 2
3 9
0 0
0 8
1 1
0 0
2 2
5 9
3 3
5 8
4 4
0 8
5 5
0 0
7 8
7 7
7 9
2 2
0 0
3 5
1 1
0 0
2 2
4 9
3 3
2 2
4 4
2 8
5 5
1 1
6 6
3 8
7 7
7 3
3 8
4 6
7 9
7 9
0 0
7 3
1 1
4 9
2 2
4 4
3 3
0 0
4 4
2 2
5 5
3 5
3 8
3 1
5 5
6 5
2 2
4 2
1 1
7 9
7 7
6 6
2 2
1 1
7 4
0 6
1 1
0 0
4 4
6 6
1 1
6 6
7 4
3 5
7 9
6 6
6 6
7 8
3 8
6 6
4 4
1 1
5 5
7 5
3 3
5 8
3 7
4 4
7 8
7 1
4 4
6 6
3 3
4 6
3 3
7 7
3 5
6 4
0 0
5 6
6 6
7 7
1 1
6 6
6 6
5 5
3 8
3 8
7 7
0 0
0 0
0 0
1 1
3 1
5 5
7 8
6 6
4 4
0 0
0 0
5 8
2 2
5 5
2 2
0 0
2 3
6 6
1 1
1 1
7 7
3 5
2 5
3 8
1 1
4 4
0 0
3 7
5 4
6 6
3 3
7 9
3 8
1 1
5 5
5 9
0 7
7 7
6 6
1 1
7 7
2 2
6 6
3 3
3 3
4 4
2 2
3 5
2 2
5 5
1 1
2 3
3 3
7 7
1 1
3 3
0 0
1 1
7 9
5 8
3 3
2 2
5 5
3 2
5 8
3 3
4 4
2 2
0 0
7 7
3 9
4 4
4 2
7 9
3 8
2 9
4 4
2 2
7 7
2 8
3 7
1 1
7 9
3 8
4 4
3 3
3 8
2 8
3 2
3 3
5 5
6 6
3 2
7 7
2 2
0 0
7 9
4 4
3 3
0 0
0 3
7 0
7 7
1 1
7 7
2 2
0 5
3 3
2 2
7 4
5 8
3 5
3 8
6 6
7 7
1 7
2 2
7 8
5 9
7 9
2 2
0 0
0 0
1 1
7 9
2 2
7 9
3 3
3 2
4 4
7 9
5 5
7 7
6 6
4 8
7 7
4 5
3 8
5 5
7 9
5 5
0 0
3 3
1 1
1 1
2 2
0 0
3 3
6 6
7 4
5 5
7 5
6 6
6 6
5 5
7 7
4 9
3 8
2 5
7 9
1 1
2 1
3 8
7 8
7 7
6 6
7 7
7 7
3 7
1 1
4 9
1 1
5 5
4 4
5 2
3 3
0 0
5 7
4 9
7 9
0 0
3 3
6 6
6 6
2 2
0 0
2 2
3 3
1 9
6 6
6 6
7 4
0 0
7 8
7 7
6 6
3 3
0 0
2 2
6 1
0 0
1 1
1 1
3 5
7 9
7 9
3 3
7 4
6 6
3 3
1 1
0 0
2 2
7 4
1 1
6 6
4 4
5 9
4 4
7 1
1 5
7 7
1 1
7 9
0 0
5 5
7 9
1 1
0 6
1 1
5 4
7 9
4 8
3 8
0 0
6 6
1 1
6 6
6 6
7 9
7 7
7 8
6 6
3 8
3 7
7 8
7 7
2 2
0 0
7 7
7 7
7 4
6 6
3 5
7 9
3 8
7 7
3 3
7 8
3 5
6 6
7 4
6 6
3 7
3 3
6 6
3 7
3 5
4 9
2 2
0 2
2 2
3 8
2 2
3 8
7 7
3 5
5 7
3 3
5 1
3 9
0 0
7 7
1 1
7 6
2 2
1 1
3 3
2 4
7 4
1 1
6 5
7 7
6 6
3 3
7 7
0 0
0 8
5 5
4 9
1 1
0 0
7 0
1 1
6 6
2 2
6 6
3 3
3 3
7 4
6 6
5 5
3 3
6 6
4 7
7 7
7 0
3 8
3 3
7 9
4 4
0 0
3 3
1 1
1 1
2 2
5 5
3 3
1 1
4 4
0 0
5 5
7 3
6 6
2 2
7 7
3 3
3 8
2 2
7 9
0 0
3 3
2 8
2 2
3 7
7 9
0 0
3 3
2 3
2 2
7 7
1 1
4 4
7 4
3 3
5 5
7 7
5 5
3 2
2 2
4 8
3 3
6 0
2 2
7 7
1 1
7 7
3 3
3 8
7 9
4 4
7 7
Correct Answer = 628
Success Rate: 0.628
