10000
building networks
Random Limit : 10
9999
finished a network
output error = [0.28103595]
9999
finished a network
output error = [0.1643509]
9999
finished a network
output error = [0.29060146]
9999
finished a network
output error = [0.16504204]
9999
finished a network
output error = [0.21801385]
9999
finished a network
output error = [0.18188679]
9999
finished a network
output error = [0.20424599]
9999
finished a network
output error = [0.30605753]
9999
finished a network
output error = [0.27792278]
9999
finished a network
output error = [0.17885735]
9999
finished a network
output error = [0.12637427]
9999
finished a network
output error = [0.1190449]
9999
finished a network
output error = [0.27725274]
9999
finished a network
output error = [0.12585177]
9999
finished a network
output error = [0.26199246]
9999
finished a network
output error = [0.2572778]
9999
finished a network
output error = [0.22736092]
9999
finished a network
output error = [0.12186466]
9999
finished a network
output error = [0.19488168]
9999
finished a network
output error = [0.32227883]
Couldn't find anything
[0.1190449] [0.21510973] 10
Start Deep Training
9999
19999
29999
39999
49999
Square error = [0.10024816]
9999
19999
29999
39999
49999
Square error = [0.09956845]
9999
19999
29999
39999
49999
Square error = [0.09911599]
9999
19999
29999
39999
49999
Square error = [0.09863408]
9999
19999
29999
39999
49999
Square error = [0.09805975]
9999
19999
29999
39999
49999
Square error = [0.09723638]
9999
19999
29999
39999
49999
Square error = [0.09552459]
9999
19999
29999
39999
49999
Square error = [0.09214693]
9999
19999
29999
39999
49999
Square error = [0.08952714]
9999
19999
29999
39999
49999
Square error = [0.08745428]
9999
19999
29999
39999
49999
Square error = [0.08562956]
9999
19999
29999
39999
49999
Square error = [0.08411991]
9999
19999
29999
39999
49999
Square error = [0.08282]
9999
19999
29999
39999
49999
Square error = [0.08165993]
9999
19999
29999
39999
49999
Square error = [0.08057766]
9999
19999
29999
39999
49999
Square error = [0.07944465]
9999
19999
29999
39999
49999
Square error = [0.07820619]
9999
19999
29999
39999
49999
Square error = [0.07699036]
9999
19999
29999
39999
49999
Square error = [0.0758395]
9999
19999
29999
39999
49999
Square error = [0.07475913]
9999
19999
29999
39999
49999
Square error = [0.07372128]
9999
19999
29999
39999
49999
Square error = [0.07272305]
9999
19999
29999
39999
49999
Square error = [0.07172267]
9999
19999
29999
39999
49999
Square error = [0.07079123]
9999
19999
29999
39999
49999
Square error = [0.06996346]
9999
19999
29999
39999
49999
Square error = [0.06922486]
9999
19999
29999
39999
49999
Square error = [0.06851153]
9999
19999
29999
39999
49999
Square error = [0.06784845]
9999
19999
29999
39999
49999
Square error = [0.06720896]
9999
19999
29999
39999
49999
Square error = [0.06663798]
9999
19999
29999
39999
49999
Square error = [0.06610665]
9999
19999
29999
39999
49999
Square error = [0.06559962]
9999
19999
29999
39999
49999
Square error = [0.06513064]
9999
19999
29999
39999
49999
Square error = [0.06468555]
9999
19999
29999
39999
49999
Square error = [0.06426816]
9999
19999
29999
39999
49999
Square error = [0.06387912]
9999
19999
29999
39999
49999
Square error = [0.0635186]
9999
19999
29999
39999
49999
Square error = [0.06315995]
9999
19999
29999
39999
49999
Square error = [0.06282638]
9999
19999
29999
39999
49999
Square error = [0.06250034]
9999
19999
29999
39999
49999
Square error = [0.06218572]
9999
19999
29999
39999
49999
Square error = [0.06190382]
9999
19999
29999
39999
49999
Square error = [0.06163103]
9999
19999
29999
39999
49999
Square error = [0.06136878]
9999
19999
29999
39999
49999
Square error = [0.06112878]
9999
19999
29999
39999
49999
Square error = [0.0609065]
9999
19999
29999
39999
49999
Square error = [0.06066803]
9999
19999
29999
39999
49999
Square error = [0.06045947]
9999
19999
29999
39999
49999
Square error = [0.06023937]
9999
19999
29999
39999
49999
Square error = [0.06002624]
9999
19999
29999
39999
49999
Square error = [0.05979802]
9999
19999
29999
39999
49999
Square error = [0.05958072]
9999
19999
29999
39999
49999
Square error = [0.05937805]
9999
19999
29999
39999
49999
Square error = [0.0591797]
9999
19999
29999
39999
49999
Square error = [0.0589788]
9999
19999
29999
39999
49999
Square error = [0.05879282]
9999
19999
29999
39999
49999
Square error = [0.05860948]
9999
19999
29999
39999
49999
Square error = [0.05844104]
9999
19999
29999
39999
49999
Square error = [0.05826402]
9999
19999
29999
39999
49999
Square error = [0.05808887]
Start Validation Tests
3 3
8 8
6 6
5 9
6 6
5 4
5 5
5 3
8 8
6 4
5 5
2 2
3 3
8 8
5 4
8 8
1 1
5 5
8 0
5 5
5 9
5 7
5 4
1 1
5 0
5 3
8 0
6 6
2 2
6 9
5 9
6 4
1 1
5 3
6 6
8 8
5 0
5 7
8 7
6 6
8 8
5 9
2 0
3 3
8 8
3 3
2 7
5 7
8 8
6 4
5 4
1 1
5 2
8 9
5 8
1 1
1 1
5 0
6 6
6 6
5 5
8 0
1 1
1 1
8 7
2 2
8 7
3 3
1 1
6 4
5 0
3 5
8 0
6 6
8 8
8 7
6 6
8 8
5 9
5 9
6 4
5 0
2 6
1 1
8 9
2 2
6 6
8 3
1 9
5 4
5 4
8 5
6 6
6 6
1 1
5 7
2 2
8 8
6 6
5 9
2 7
5 0
5 9
1 1
6 6
2 2
2 8
3 3
6 6
2 4
5 9
5 5
8 8
6 6
5 8
8 7
5 8
8 8
6 6
5 9
8 1
5 7
6 6
5 0
3 9
6 6
5 7
5 0
5 9
8 7
1 1
3 3
6 6
8 8
8 4
6 6
1 1
5 7
5 5
1 1
3 3
3 3
5 5
5 7
5 9
5 9
6 6
5 7
3 3
6 4
1 1
5 0
5 4
2 2
5 4
3 5
5 0
5 0
1 1
6 6
6 6
2 4
8 7
8 9
5 4
6 6
5 5
2 2
6 6
5 9
8 8
8 8
8 8
5 5
5 9
3 3
2 8
5 9
3 8
8 8
5 8
3 3
5 4
5 4
5 3
5 0
5 9
5 5
5 4
5 4
1 1
8 8
6 0
6 6
1 1
3 3
3 2
5 0
3 8
6 6
5 0
3 3
8 5
5 4
5 9
5 0
3 3
1 1
8 0
5 9
8 3
2 2
8 3
3 3
3 3
8 7
8 4
5 9
2 2
1 1
6 6
2 2
1 1
8 5
8 7
1 1
5 9
8 7
6 9
3 2
2 2
2 8
1 1
5 7
8 7
5 0
6 0
1 1
3 8
5 9
9 0
6 6
6 6
5 4
8 7
5 9
3 8
2 2
8 9
1 1
5 5
2 2
5 5
3 3
5 7
5 7
8 0
5 0
3 8
2 2
3 3
1 1
3 3
5 5
1 1
3 3
6 6
2 4
8 8
5 7
6 6
2 2
8 8
1 1
3 8
6 6
6 6
8 8
3 7
5 5
6 6
5 0
5 4
8 8
8 4
5 9
3 3
2 2
3 3
6 6
2 2
8 0
1 1
1 1
5 6
6 2
5 5
3 3
6 0
2 4
3 3
8 5
8 8
6 6
5 9
5 7
8 8
8 8
3 3
8 9
5 0
5 0
3 3
1 1
5 4
2 2
5 5
5 3
5 9
5 4
5 5
5 5
3 5
6 6
8 0
5 7
1 1
8 8
5 0
5 9
3 3
5 0
5 5
1 1
2 2
2 2
3 3
3 3
1 1
5 4
2 3
5 5
8 8
3 6
8 0
5 7
1 8
8 8
2 2
5 9
1 1
5 7
8 5
8 0
5 0
2 6
1 1
5 0
8 9
1 7
5 7
3 3
1 1
2 8
3 3
8 7
5 5
1 1
6 2
8 3
8 7
5 7
3 3
5 9
3 3
5 7
5 7
5 4
3 3
5 0
5 7
2 2
5 7
5 5
5 9
8 0
5 9
5 6
5 4
5 4
5 0
5 9
5 7
8 8
8 8
5 5
6 1
1 1
5 5
2 5
1 1
3 3
6 6
8 3
1 1
5 4
2 5
5 0
5 9
5 5
6 8
5 4
3 3
1 8
3 9
5 6
5 4
8 3
8 6
8 4
5 5
8 8
5 5
5 0
5 0
5 6
1 7
5 4
2 6
8 8
5 5
2 3
5 4
8 4
5 0
5 0
5 9
1 1
5 7
5 9
8 7
2 2
3 8
5 7
5 0
5 9
2 2
1 1
8 8
2 2
5 4
5 5
2 2
1 1
8 2
8 7
8 5
2 2
5 9
8 8
5 5
5 7
8 9
5 0
5 7
1 1
8 4
5 9
5 7
5 6
5 3
8 4
1 1
5 9
2 2
2 2
5 0
1 1
2 2
2 2
8 0
3 3
1 1
5 7
8 5
5 0
5 4
2 2
5 7
1 1
5 9
3 3
5 0
1 1
6 6
2 2
2 2
5 5
1 1
8 8
5 3
1 1
5 4
5 6
2 2
6 8
5 6
5 5
2 2
5 6
5 4
5 0
5 8
8 8
5 8
5 9
3 3
8 4
8 0
5 9
5 7
2 2
2 9
2 0
8 8
1 1
5 0
2 2
5 9
3 3
8 8
5 4
8 8
5 5
5 0
8 8
5 7
5 9
2 2
5 0
5 5
1 1
5 0
2 2
8 9
3 3
2 2
5 4
8 8
5 5
1 1
6 6
8 8
5 7
5 3
8 8
2 6
5 9
8 9
8 0
5 3
1 1
6 9
2 2
6 4
3 3
6 0
5 4
2 2
5 5
8 5
8 8
3 1
5 5
5 5
2 2
2 2
1 1
5 9
5 7
6 6
2 2
1 1
5 4
6 6
1 1
2 0
5 4
6 6
1 1
6 6
5 4
5 5
5 9
6 6
6 6
8 8
2 8
2 6
9 4
1 1
5 5
5 5
3 3
8 8
3 7
5 4
8 8
1 1
5 4
6 6
3 3
5 6
3 3
5 7
5 5
6 4
8 0
6 6
6 6
8 7
1 1
6 6
6 6
5 5
8 8
8 8
5 7
8 0
5 0
8 0
1 1
3 1
5 5
8 8
6 6
8 4
5 0
8 0
8 8
2 2
5 5
2 2
5 0
3 3
6 6
1 1
1 1
5 7
5 5
5 5
8 8
1 1
8 4
5 0
5 7
8 4
6 6
3 3
5 9
3 8
1 1
5 5
5 9
5 7
2 7
6 6
1 1
5 7
2 2
6 6
3 3
3 3
5 4
2 2
3 5
2 2
5 5
1 1
3 3
3 3
2 7
1 1
3 3
2 0
1 1
5 9
8 8
3 3
2 2
5 5
2 2
8 8
3 3
5 4
2 2
6 0
8 7
6 9
6 4
8 2
5 9
8 8
5 9
8 4
6 2
8 7
3 8
8 7
1 1
8 9
8 8
5 4
3 3
3 8
2 8
8 2
3 3
3 5
6 6
2 2
5 7
2 2
8 0
5 9
8 4
3 3
5 0
5 3
5 0
6 7
1 1
5 7
2 2
5 5
3 3
2 2
5 4
8 8
5 5
8 8
6 6
5 7
8 7
2 2
8 8
5 9
8 9
2 2
5 0
5 0
1 1
5 9
2 2
5 9
3 3
2 2
5 4
8 9
5 5
5 7
6 6
8 8
8 7
5 5
8 8
5 5
5 9
5 5
5 0
3 3
1 1
1 1
2 2
5 0
3 3
6 6
5 4
5 5
5 5
6 6
5 6
5 5
8 7
5 9
8 8
5 5
5 9
1 1
6 1
8 8
5 8
5 7
6 6
8 7
5 7
3 7
1 1
8 9
1 1
5 5
5 4
2 2
3 3
5 0
8 7
8 9
5 9
5 0
3 3
6 6
6 6
2 2
6 0
5 2
3 3
5 9
6 6
6 6
5 4
8 0
5 8
5 7
6 6
3 3
5 0
3 2
1 1
5 0
1 1
1 1
5 5
5 9
5 9
3 3
5 4
6 6
3 3
1 1
5 0
2 2
3 4
1 1
6 6
8 4
5 9
3 4
1 1
8 5
8 7
1 1
5 9
5 0
5 5
5 9
1 1
6 6
1 1
8 4
5 9
8 8
8 8
5 0
6 6
1 1
6 6
6 6
5 9
5 7
8 8
5 6
5 8
2 7
8 8
5 7
2 2
5 0
8 7
5 7
5 4
6 6
3 5
5 9
5 8
3 7
3 3
5 8
5 5
6 6
5 4
6 6
8 7
3 3
6 6
8 7
5 5
6 9
5 2
6 2
2 2
8 8
2 2
8 8
8 7
5 5
8 7
3 3
1 1
8 9
5 0
2 7
1 1
2 6
2 2
1 1
3 3
5 4
5 4
1 1
5 5
8 7
6 6
3 3
5 7
8 0
8 8
5 5
5 9
1 1
8 0
5 0
1 1
6 6
2 2
6 6
3 3
3 3
5 4
6 6
5 5
3 3
6 6
8 7
8 7
6 0
8 8
3 3
5 9
2 4
5 0
8 3
1 1
1 1
2 2
5 5
3 3
1 1
5 4
5 0
5 5
3 3
6 6
2 2
5 7
3 3
3 8
2 2
5 9
5 0
3 3
8 8
2 2
5 7
5 9
6 0
3 3
3 3
2 2
8 7
1 1
5 4
5 4
3 3
5 5
8 7
5 5
2 2
2 2
8 8
3 3
6 0
2 2
5 7
1 1
3 7
3 3
8 8
8 9
6 4
5 7
Correct Answer = 502
Success Rate: 0.502
