10000
building networks
Random Limit : 10
9999
finished a network
output error = [0.2632546]
9999
finished a network
output error = [0.21225437]
9999
finished a network
output error = [0.31150272]
9999
finished a network
output error = [0.22645206]
9999
finished a network
output error = [0.20271339]
9999
finished a network
output error = [0.35661275]
9999
finished a network
output error = [0.16007058]
9999
finished a network
output error = [0.2177375]
9999
finished a network
output error = [0.14285552]
9999
finished a network
output error = [0.30386396]
9999
finished a network
output error = [0.28357978]
9999
finished a network
output error = [0.15844631]
9999
finished a network
output error = [0.2423813]
9999
finished a network
output error = [0.3588736]
9999
finished a network
output error = [0.20880803]
9999
finished a network
output error = [0.21025458]
9999
finished a network
output error = [0.14663654]
9999
finished a network
output error = [0.17931191]
9999
finished a network
output error = [0.17783705]
9999
finished a network
output error = [0.27500084]
Couldn't find anything
[0.14285552] [0.23192237] 10
Start Deep Training
9999
19999
29999
39999
49999
Square error = [0.0997224]
9999
19999
29999
39999
49999
Square error = [0.09805824]
9999
19999
29999
39999
49999
Square error = [0.09625112]
9999
19999
29999
39999
49999
Square error = [0.09433159]
9999
19999
29999
39999
49999
Square error = [0.0922227]
9999
19999
29999
39999
49999
Square error = [0.08999715]
9999
19999
29999
39999
49999
Square error = [0.08752168]
9999
19999
29999
39999
49999
Square error = [0.08348089]
9999
19999
29999
39999
49999
Square error = [0.07988784]
9999
19999
29999
39999
49999
Square error = [0.077352]
9999
19999
29999
39999
49999
Square error = [0.07545666]
9999
19999
29999
39999
49999
Square error = [0.07395367]
9999
19999
29999
39999
49999
Square error = [0.07275743]
9999
19999
29999
39999
49999
Square error = [0.07166359]
9999
19999
29999
39999
49999
Square error = [0.07067258]
9999
19999
29999
39999
49999
Square error = [0.0698205]
9999
19999
29999
39999
49999
Square error = [0.06905951]
9999
19999
29999
39999
49999
Square error = [0.06834652]
9999
19999
29999
39999
49999
Square error = [0.06767857]
9999
19999
29999
39999
49999
Square error = [0.06707002]
9999
19999
29999
39999
49999
Square error = [0.06653476]
9999
19999
29999
39999
49999
Square error = [0.06606731]
9999
19999
29999
39999
49999
Square error = [0.06563214]
9999
19999
29999
39999
49999
Square error = [0.06523169]
9999
19999
29999
39999
49999
Square error = [0.06486564]
9999
19999
29999
39999
49999
Square error = [0.06453142]
9999
19999
29999
39999
49999
Square error = [0.06422363]
9999
19999
29999
39999
49999
Square error = [0.06394824]
9999
19999
29999
39999
49999
Square error = [0.06367644]
9999
19999
29999
39999
49999
Square error = [0.06344847]
9999
19999
29999
39999
49999
Square error = [0.06322742]
9999
19999
29999
39999
49999
Square error = [0.06302412]
9999
19999
29999
39999
49999
Square error = [0.06282945]
9999
19999
29999
39999
49999
Square error = [0.06264448]
9999
19999
29999
39999
49999
Square error = [0.06247763]
9999
19999
29999
39999
49999
Square error = [0.06232907]
9999
19999
29999
39999
49999
Square error = [0.0621833]
9999
19999
29999
39999
49999
Square error = [0.06205133]
9999
19999
29999
39999
49999
Square error = [0.06191753]
9999
19999
29999
39999
49999
Square error = [0.0617896]
9999
19999
29999
39999
49999
Square error = [0.06166357]
9999
19999
29999
39999
49999
Square error = [0.06153739]
9999
19999
29999
39999
49999
Square error = [0.06142282]
9999
19999
29999
39999
49999
Square error = [0.06131327]
9999
19999
29999
39999
49999
Square error = [0.06120615]
9999
19999
29999
39999
49999
Square error = [0.06109728]
9999
19999
29999
39999
49999
Square error = [0.06100016]
9999
19999
29999
39999
49999
Square error = [0.06090406]
9999
19999
29999
39999
49999
Square error = [0.06081138]
9999
19999
29999
39999
49999
Square error = [0.06071807]
9999
19999
29999
39999
49999
Square error = [0.06062589]
9999
19999
29999
39999
49999
Square error = [0.06053286]
9999
19999
29999
39999
49999
Square error = [0.06044975]
9999
19999
29999
39999
49999
Square error = [0.06035533]
9999
19999
29999
39999
49999
Square error = [0.06027287]
9999
19999
29999
39999
49999
Square error = [0.06018979]
9999
19999
29999
39999
49999
Square error = [0.06010807]
9999
19999
29999
39999
49999
Square error = [0.06002664]
9999
19999
29999
39999
49999
Square error = [0.05995254]
9999
19999
29999
39999
49999
Square error = [0.05987872]
Start Validation Tests
8 3
8 8
6 6
8 9
6 6
8 4
8 5
7 3
8 8
8 4
8 5
2 2
8 3
8 8
7 4
8 8
1 1
8 5
8 0
8 5
7 9
7 7
8 4
1 1
7 0
2 3
8 0
6 6
2 2
7 9
7 9
6 4
1 1
7 3
6 6
2 8
1 0
7 7
7 7
6 6
8 8
8 9
8 0
8 3
8 8
8 3
7 7
7 7
8 8
1 4
8 4
1 1
6 2
2 9
1 8
1 1
1 1
1 0
6 6
6 6
8 5
8 0
1 1
1 1
7 7
2 2
7 7
8 3
1 1
2 4
8 0
8 5
8 0
6 6
8 8
7 7
6 6
8 8
8 9
6 9
6 4
7 0
8 6
1 1
6 9
2 2
6 6
8 3
7 9
8 4
2 4
8 5
6 6
6 6
1 1
7 7
2 2
8 8
6 6
7 9
7 7
6 0
6 9
1 1
6 6
2 2
8 8
2 3
6 6
2 4
8 9
8 5
8 8
6 6
8 8
7 7
8 8
8 8
6 6
8 9
8 1
7 7
6 6
8 0
8 9
6 6
7 7
8 0
7 9
7 7
1 1
2 3
6 6
8 8
8 4
6 6
1 1
7 7
8 5
1 1
8 3
8 3
2 5
7 7
8 9
6 9
6 6
7 7
2 3
6 4
1 1
8 0
8 4
2 2
8 4
6 5
8 0
6 0
1 1
6 6
6 6
2 4
2 7
8 9
8 4
6 6
8 5
2 2
6 6
6 9
8 8
8 8
8 8
8 5
7 9
8 3
8 8
6 9
8 8
8 8
8 8
2 3
6 4
7 4
7 3
8 0
8 9
6 5
8 4
8 4
1 1
8 8
6 0
6 6
1 1
2 3
2 2
2 0
8 8
6 6
2 0
8 3
8 5
7 4
6 9
2 0
8 3
1 1
2 0
8 9
8 3
2 2
8 3
8 3
7 3
7 7
2 4
6 9
2 2
1 1
6 6
2 2
1 1
2 5
7 7
1 1
8 9
7 7
6 9
7 2
2 2
8 8
1 1
7 7
7 7
6 0
8 0
1 1
8 8
7 9
2 0
6 6
6 6
2 4
7 7
8 9
2 8
2 2
8 9
1 1
8 5
2 2
8 5
2 3
7 7
7 7
6 0
8 0
8 8
2 2
8 3
1 1
8 3
8 5
1 1
8 3
6 6
8 4
8 8
7 7
6 6
2 2
8 8
1 1
8 8
6 6
6 6
8 8
7 7
8 5
6 6
8 0
8 4
8 8
8 4
8 9
8 3
2 2
8 3
6 6
2 2
8 0
1 1
1 1
8 6
2 2
8 5
8 3
6 0
8 4
2 3
8 5
8 8
6 6
8 9
7 7
8 8
8 8
8 3
8 9
6 0
1 0
8 3
1 1
8 4
2 2
8 5
1 3
7 9
6 4
8 5
7 5
8 5
6 6
8 0
7 7
1 1
8 8
8 0
7 9
2 3
8 0
2 5
1 1
2 2
2 2
8 3
8 3
1 1
8 4
2 3
6 5
8 8
8 6
8 0
7 7
7 8
8 8
6 2
7 9
1 1
7 7
8 5
6 0
2 0
1 6
1 1
8 0
2 9
1 7
7 7
8 3
1 1
8 8
8 3
7 7
7 5
1 1
2 2
2 3
7 7
8 7
2 3
7 9
8 3
7 7
7 7
8 4
8 3
6 0
7 7
2 2
7 7
7 5
8 9
8 0
7 9
6 6
2 4
8 4
8 0
8 9
7 7
8 8
8 8
8 5
6 1
1 1
8 5
2 5
1 1
6 3
6 6
8 3
1 1
8 4
2 5
8 0
8 9
2 5
8 8
7 4
8 3
8 8
2 9
6 6
8 4
8 3
6 6
2 4
8 5
8 8
8 5
8 0
6 0
2 6
1 7
8 4
8 6
8 8
8 5
8 3
8 4
8 4
8 0
8 0
8 9
1 1
7 7
8 9
7 7
2 2
8 8
7 7
8 0
8 9
8 2
1 1
8 8
2 2
2 4
8 5
2 2
1 1
8 2
7 7
7 5
2 2
7 9
8 8
8 5
6 7
8 9
8 0
7 7
1 1
7 4
7 9
7 7
8 6
8 3
8 4
1 1
7 9
2 2
2 2
6 0
1 1
2 2
2 2
2 0
8 3
8 1
7 7
8 5
8 0
8 4
2 2
7 7
1 1
8 9
8 3
8 0
1 1
6 6
2 2
2 2
8 5
1 1
8 8
8 3
1 1
8 4
6 6
2 2
8 8
6 6
1 5
2 2
1 6
8 4
8 0
8 8
6 8
2 8
2 9
6 3
8 4
8 0
8 9
7 7
2 2
7 9
8 0
8 8
1 1
8 0
2 2
8 9
8 3
8 8
7 4
8 8
8 5
2 0
8 8
7 7
7 9
2 2
8 0
8 5
1 1
8 0
2 2
8 9
8 3
8 2
2 4
2 8
8 5
1 1
6 6
8 8
7 7
8 3
8 8
6 6
7 9
8 9
2 0
8 3
1 1
8 9
2 2
8 4
8 3
6 0
8 4
2 2
8 5
8 5
8 8
7 1
8 5
8 5
2 2
2 2
1 1
8 9
7 7
6 6
2 2
1 1
8 4
7 6
1 1
8 0
6 4
6 6
1 1
6 6
8 4
8 5
8 9
6 6
6 6
8 8
8 8
6 6
8 4
1 1
8 5
8 5
8 3
8 8
7 7
8 4
8 8
1 1
7 4
6 6
8 3
8 6
8 3
7 7
8 5
2 4
8 0
8 6
6 6
7 7
1 1
6 6
6 6
8 5
8 8
8 8
7 7
2 0
7 0
8 0
1 1
7 1
8 5
8 8
6 6
8 4
8 0
8 0
7 8
2 2
8 5
2 2
8 0
1 3
6 6
1 1
1 1
1 7
8 5
2 5
8 8
1 1
8 4
8 0
7 7
8 4
6 6
8 3
7 9
8 8
1 1
8 5
7 9
7 7
7 7
6 6
1 1
7 7
2 2
6 6
8 3
1 3
6 4
2 2
8 5
2 2
8 5
1 1
7 3
8 3
7 7
1 1
8 3
8 0
1 1
8 9
8 8
8 3
2 2
7 5
2 2
8 8
8 3
8 4
6 2
2 0
7 7
6 9
7 4
7 2
7 9
8 8
7 9
8 4
2 2
7 7
8 8
7 7
1 1
8 9
8 8
8 4
8 3
1 8
8 8
8 2
8 3
7 5
6 6
2 2
7 7
2 2
8 0
8 9
8 4
6 3
7 0
8 3
8 0
7 7
1 1
7 7
2 2
8 5
1 3
2 2
7 4
8 8
8 5
8 8
6 6
7 7
1 7
2 2
8 8
7 9
8 9
2 2
8 0
8 0
1 1
7 9
2 2
7 9
8 3
7 2
7 4
7 9
8 5
7 7
6 6
8 8
7 7
8 5
8 8
8 5
8 9
8 5
6 0
8 3
1 1
1 1
2 2
1 0
8 3
6 6
8 4
8 5
8 5
6 6
6 6
2 5
7 7
7 9
8 8
8 5
8 9
1 1
6 1
8 8
8 8
7 7
6 6
7 7
7 7
8 7
1 1
8 9
1 1
7 5
7 4
8 2
8 3
8 0
7 7
7 9
8 9
7 0
8 3
6 6
6 6
2 2
6 0
8 2
8 3
7 9
6 6
6 6
8 4
8 0
6 8
7 7
6 6
8 3
6 0
2 2
1 1
2 0
1 1
1 1
8 5
8 9
8 9
8 3
1 4
6 6
2 3
1 1
8 0
2 2
8 4
1 1
6 6
8 4
2 9
6 4
1 1
8 5
7 7
1 1
8 9
2 0
8 5
8 9
1 1
6 6
1 1
7 4
8 9
8 8
8 8
8 0
6 6
1 1
6 6
6 6
8 9
7 7
8 8
6 6
8 8
7 7
8 8
7 7
2 2
2 0
7 7
7 7
7 4
6 6
8 5
8 9
8 8
7 7
8 3
8 8
8 5
6 6
7 4
6 6
7 7
8 3
6 6
7 7
8 5
8 9
2 2
2 2
2 2
8 8
2 2
8 8
7 7
6 5
7 7
8 3
1 1
8 9
8 0
7 7
1 1
6 6
2 2
1 1
8 3
2 4
7 4
1 1
6 5
7 7
6 6
8 3
7 7
2 0
8 8
8 5
2 9
8 1
8 0
1 0
1 1
6 6
2 2
6 6
8 3
8 3
8 4
6 6
8 5
2 3
6 6
7 7
7 7
8 0
8 8
1 3
2 9
7 4
8 0
8 3
1 1
1 1
2 2
8 5
8 3
1 1
7 4
8 0
7 5
8 3
6 6
2 2
7 7
8 3
8 8
2 2
8 9
8 0
2 3
8 8
2 2
7 7
8 9
2 0
8 3
8 3
2 2
7 7
1 1
8 4
8 4
8 3
8 5
7 7
6 5
2 2
2 2
8 8
8 3
7 0
2 2
1 7
1 1
1 7
2 3
8 8
2 9
8 4
7 7
Correct Answer = 467
Success Rate: 0.467
